"species_name","marginality","specialization"
"Aburria_aburri",2.63208640151264,16.167525726821
"Accipiter_bicolor",0.529584594504235,1.18215238682392
"Accipiter_striatus",0.779786338221575,1.56240192888825
"Accipiter_superciliosus",1.94234426871711,22.6295582937251
"Acrobatornis_fonsecai",2.0917023999405,21.8297062081043
"Acropternis_orthonyx",2.26757983996055,2.37147764296456
"Adelomyia_melanogenys",1.22557291790783,1.36883770424494
"Aegolius_acadicus",2.55184655743105,3.70384295045353
"Aegolius_harrisii",1.1900931836219,1.9046499429982
"Aeronautes_saxatalis",2.02161851431959,2.3431857170447
"Agelaioides_badius",1.40712181551603,2.05405891823983
"Agelaius_humeralis",1.43035798979193,7.39340123112776
"Agelasticus_cyanopus",0.92274005410645,1.84545191275241
"Agelasticus_thilius",1.93717447624478,1.68115026948587
"Agelasticus_xanthophthalmus",2.69431424878351,10.2915166403021
"Aglaeactis_castelnaudii",1.75611929834309,20.6798187496781
"Aglaeactis_cupripennis",1.96786030230659,1.92424215662125
"Aglaeactis_pamela",2.51892247600891,10.6804645686941
"Aglaiocercus_coelestis",3.06600687330289,2.38870445536038
"Agriornis_micropterus",2.76059777574512,2.87273683544337
"Agriornis_montanus",2.45308698581525,1.50477367470327
"Agriornis_murinus",1.78446877066542,3.48939321047455
"Aimophila_notosticta",1.72138957752449,9.35436255488617
"Aimophila_ruficeps",2.57338439071126,3.42899440337275
"Aix_sponsa",1.44105496988252,6.49908967041098
"Alectrurus_tricolor",1.18948350266992,3.78112032070388
"Alipiopsitta_xanthops",1.29139565566258,3.45466351815463
"Alopochelidon_fucata",2.42079068318142,10.1366975515498
"Amazilia_franciae",1.86971406003224,1.82720099124643
"Amazilia_rutila",2.61772868444333,30.6669665737913
"Amazilia_tzacatl",2.61198877145184,1.32624076419895
"Amazilia_yucatanensis",0.999449605675682,2.7598900240188
"Amazona_aestiva",0.858964589723014,1.9202639541412
"Amazona_agilis",1.69406928191564,26.6293110935026
"Amazona_albifrons",1.12314817881025,2.10584347417453
"Amazona_amazonica",1.15059773134881,1.66037499943528
"Amazona_auropalliata",1.27138752631097,2.52478725210826
"Amazona_autumnalis",1.27824213140352,1.53843526208967
"Amazona_brasiliensis",3.03913439481311,12.6142357627082
"Amazona_collaria",1.59069508253784,9.07398262815722
"Amazona_dufresniana",1.71824084738459,5.12911319550072
"Amazona_festiva",2.08963510166769,4.47581495161263
"Amazona_finschi",2.53379677484806,6.33877104271221
"Amazona_kawalli",1.42475797982137,4.72736267523449
"Amazona_leucocephala",1.59214749852993,5.71501524392439
"Amazona_ochrocephala",1.51129934053185,2.04751003437914
"Amazona_oratrix",1.14557632324107,2.69578684790187
"Amazona_pretrei",2.60186516532532,39.7878439231131
"Amazona_rhodocorytha",2.16930700196343,23.0136142267636
"Amazona_tucumana",1.72376554306045,6.17413990880484
"Amazona_ventralis",1.02821334109084,19.3378013743415
"Amazona_vinacea",1.30294017535629,5.52348424792568
"Amazona_viridigenalis",1.95057057129773,11.1867924054457
"Amazonetta_brasiliensis",0.462604001276782,1.63441405984756
"Amblycercus_holosericeus",1.30664084257794,2.04866831059498
"Amblyramphus_holosericeus",1.42693826700156,2.95000551260398
"Ammodramus_aurifrons",1.72123720531124,2.41084505913071
"Ammodramus_humeralis",0.536602876899658,1.50468662711814
"Ampelioides_tschudii",1.76450222872261,1.83980047110744
"Ampelion_rubrocristatus",1.63987428233932,1.64869797355111
"Ampelion_rufaxilla",1.6940085273243,2.30923444956883
"Amphispiza_bilineata",2.52717425588719,4.60148831058807
"Anabacerthia_striaticollis",1.56258457565917,1.96205458309446
"Anabazenops_dorsalis",1.90667416612836,2.96287246155065
"Anabazenops_fuscus",1.16898387226902,4.08313690208805
"Anairetes_alpinus",2.82318170746355,19.9773089149999
"Anairetes_flavirostris",1.95752062154865,8.56208969612648
"Anairetes_nigrocristatus",2.16714667954586,7.50672338268298
"Anairetes_parulus",2.24243321268287,1.22452449293045
"Anairetes_reguloides",1.97252693056288,4.40692219031532
"Anas_bahamensis",1.0601363849217,1.29257429530782
"Ancistrops_strigilatus",1.67306261023754,2.90730204686848
"Andigena_cucullata",1.56477284890596,6.13202617703028
"Andigena_hypoglauca",1.81239898273015,8.26559515191285
"Andigena_laminirostris",2.33988647048125,4.04603454919089
"Androdon_aequatorialis",4.13727879235981,2.87428983954027
"Anhima_cornuta",0.868059728700529,1.66395358826462
"Anhinga_anhinga",0.663256383494699,1.30595354933855
"Anisognathus_igniventris",1.77453667700349,3.67742412961581
"Anisognathus_lacrymosus",1.81987209599423,2.05329848201984
"Anisognathus_melanogenys",1.52062504658591,6.32429179615853
"Anisognathus_notabilis",3.43864756371381,2.98692784412338
"Anisognathus_somptuosus",1.72369152272861,1.80362142106401
"Anodorhynchus_hyacinthinus",1.02285960586319,3.64634093312178
"Anodorhynchus_leari",1.08250490652447,13.8100629732564
"Anthocephala_floriceps",1.35159636108872,14.4447875911843
"Anthracothorax_dominicus",0.94103215437328,4.53010010132385
"Anthracothorax_mango",1.54547604554322,8.54977716042756
"Anthracothorax_prevostii",0.823226580212124,1.8232726263923
"Anthracothorax_veraguensis",2.14252718320053,4.84876309582598
"Anthracothorax_viridigula",2.09515638590448,4.95635276454323
"Anthracothorax_viridis",1.43370310062321,21.4522042974042
"Anthus_correndera",3.73834933483803,12.9422200327881
"Anthus_hellmayri",3.39331519135805,6.01387821606016
"Anthus_lutescens",0.539594067692614,1.46997482357187
"Antilophia_galeata",1.21558986933404,3.96404721166916
"Anumbius_annumbi",1.45421501873155,2.3629009005418
"Aphanotriccus_audax",1.92016845014229,2.999615644547
"Aphelocoma_unicolor",1.04089861995243,2.48174724644786
"Aphrastura_spinicauda",3.16969832934459,2.51772283558563
"Ara_ararauna",1.04865455363919,1.79148169348009
"Ara_chloropterus",1.15767972644445,1.6665044302633
"Ara_glaucogularis",1.28915757939788,19.2050248055394
"Ara_macao",1.03854782819935,1.96305235693672
"Ara_severus",1.3000040587993,1.64921033102191
"Aramides_ypecaha",0.940797745796748,2.29564636118256
"Aramus_guarauna",2.12712437506144,10.5456405611263
"Aratinga_auricapillus",1.07681017037945,4.48796762289926
"Aratinga_jandaya",1.39266142137952,3.10928316426372
"Aratinga_solstitialis",2.22219530444012,6.30145214407323
"Aratinga_weddellii",1.5053209253791,2.59284454843392
"Ardea_cocoi",0.414476076471871,1.21995269475852
"Ardea_herodias",NA,NA
"Arremon_aurantiirostris",2.04972470191761,1.60060680023282
"Arremon_brunneinucha",1.11187602794942,1.50913266173442
"Arremon_castaneiceps",1.82110741069033,2.31283492554894
"Arremon_flavirostris",1.06322077572009,3.73140514940806
"Arremon_schlegeli",1.37603625957748,2.81238088473555
"Arremon_torquatus",1.28235082486086,3.02199825715258
"Arremonops_chloronotus",0.874273572578936,4.16472556538261
"Arremonops_conirostris",1.48448084286639,1.83365456983492
"Arremonops_rufivirgatus",1.4028492641302,2.17569824392036
"Arundinicola_leucocephala",0.65648429088088,1.34651452389755
"Asthenes_anthoides",2.05157760548519,250.86076172471
"Asthenes_baeri",1.88288988854751,3.94908583063106
"Asthenes_dorbignyi",2.368814830663,2.45055277719846
"Asthenes_flammulata",2.01583465671356,2.388570045049
"Asthenes_humilis",2.45901133134944,5.14125444344395
"Asthenes_modesta",2.71459762655181,1.92554709640692
"Asthenes_ottonis",2.60673277291705,9.06320614808927
"Asthenes_pudibunda",3.20222250043866,7.34125957573005
"Asthenes_pyrrholeuca",1.74061507982515,4.04806953137266
"Asthenes_urubambensis",1.95065152645609,4.77756143782512
"Asthenes_wyatti",2.50783511168941,2.27934285719689
"Atalotriccus_pilaris",2.17546600264662,5.54205573718094
"Atlapetes_albinucha",1.04945321272964,1.83591098800606
"Atlapetes_citrinellus",1.99743376374262,9.05079783959317
"Atlapetes_fulviceps",1.68317150790136,3.75369938802491
"Atlapetes_melanopsis",1.91826647737839,14.5860678783393
"Atlapetes_pileatus",2.23298503547148,2.65262117581305
"Atlapetes_rufigenis",2.61407946729135,18.9363558184468
"Atlapetes_rufinucha",1.08678021816909,22.3965063683309
"Atlapetes_schistaceus",2.087702739745,2.54790483378792
"Atlapetes_tricolor",1.9081790275254,5.18352648553821
"Attagis_gayi",2.98492241541525,1.64701694379374
"Attagis_malouinus",3.61029141477636,18.5270450678651
"Atticora_fasciata",1.47253161477923,2.0392965389143
"Attila_citriniventris",2.445372152563,3.69015888891493
"Attila_rufus",1.14842642923032,3.01986439695884
"Attila_spadiceus",1.27671119618202,1.61710268257263
"Attila_torridus",2.74922571233234,3.15746361293267
"Aulacorhynchus_coeruleicinctis",1.63900079512179,3.24193185249529
"Aulacorhynchus_derbianus",1.33893865559892,2.50583235322067
"Aulacorhynchus_haematopygus",2.0561887631248,1.75913050632651
"Aulacorhynchus_prasinus",0.824266624081575,2.25176080859403
"Aulacorhynchus_sulcatus",1.1886321957011,4.84592084816048
"Automolus_infuscatus",1.86311561927518,2.73452541280335
"Automolus_leucophthalmus",0.985280962076775,2.88913738208887
"Automolus_melanopezus",1.56479088896307,3.69894368568397
"Automolus_rufipileatus",1.59015650270205,2.26547574487552
"Avocettula_recurvirostris",1.78409584496449,2.93796746134309
"Aythya_americana",1.53323896329553,2.08882006483148
"Bangsia_arcaei",2.44312976597472,6.97766495954446
"Bangsia_edwardsi",3.28221270256493,4.580583862016
"Bangsia_rothschildi",4.08319960885515,5.97741575256327
"Baryphthengus_martii",1.53613322178733,2.0529456569417
"Baryphthengus_ruficapillus",0.956609509042129,2.97637835657344
"Basileuterus_belli",1.79438177874951,2.63625689422218
"Basileuterus_culicivorus",0.85383968855195,1.99741521422635
"Basileuterus_hypoleucus",1.30716568920722,4.92051573325221
"Basileuterus_melanogenys",1.86344758381,0.921705013689871
"Basileuterus_rufifrons",1.30595994604006,1.49144698328284
"Basileuterus_trifasciatus",2.60406745082615,3.88702253374571
"Basileuterus_tristriatus",1.53642162850134,1.74548938880636
"Batara_cinerea",1.40978558007954,2.46750168210698
"Berlepschia_rikeri",1.24565433695422,2.06796098319161
"Boissonneaua_flavescens",2.21554904176547,2.43031306941148
"Boissonneaua_matthewsii",1.58589201620776,2.33776548506335
"Bolborhynchus_lineola",1.06280161832968,1.88998367247479
"Botaurus_lentiginosus",1.87081361964715,1.12292924283626
"Botaurus_pinnatus",0.821473436923912,1.49765115885296
"Brotogeris_chiriri",0.962635716328989,2.42088221034059
"Brotogeris_chrysoptera",1.71041076188256,2.66708092856736
"Brotogeris_cyanoptera",1.78893146201431,2.13699557172011
"Brotogeris_jugularis",NA,NA
"Brotogeris_pyrrhoptera",2.32481140953603,7.97899559538649
"Brotogeris_sanctithomae",1.55112790190103,3.10778591508276
"Brotogeris_tirica",1.26828681473171,2.97491844614108
"Brotogeris_versicolurus",2.15018725824491,4.92095809200535
"Bubo_magellanicus",2.46352491014047,1.32878575143157
"Bucco_capensis",1.70364232765632,2.36445160397863
"Burhinus_bistriatus",1.31817819990212,1.96166164752123
"Burhinus_superciliaris",2.22223503474388,5.62449347569122
"Busarellus_nigricollis",0.623985595070601,1.37518778984174
"Buteo_albigula",1.62224631674002,1.11595068970965
"Buteo_albonotatus",1.2132734792222,1.94470701087862
"Buteo_galapagoensis",1.77527036798886,12.4288213799468
"Buteo_nitidus",0.841915390716166,1.50487852710106
"Buteo_platypterus",1.25184135816492,2.58454937237528
"Buteogallus_aequinoctialis",1.98848053682829,2.68222869049494
"Buteogallus_meridionalis",0.440388350383552,1.46011711567515
"Buteogallus_urubitinga",0.653146858679729,1.34506601462433
"Buthraupis_montana",1.73377628713742,1.89759720006756
"Cacicus_cela",1.18757655709,1.82634017038027
"Cacicus_chrysonotus",1.50990642021375,3.5377682142914
"Cacicus_chrysopterus",1.39267454255395,2.75724438839258
"Cacicus_haemorrhous",1.01126613334507,1.62570395222881
"Cacicus_leucoramphus",1.95708243203196,2.01774598206787
"Cacicus_sclateri",2.71725839720942,5.7501131081162
"Cacicus_solitarius",0.615648955783569,1.68674908130396
"Cacicus_uropygialis",1.76519764141432,1.88289039309223
"Cairina_moschata",0.653243561596939,1.31941939226483
"Calliphlox_amethystina",0.575204261222265,1.53054647709786
"Callonetta_leucophrys",1.28159195816849,2.30919467911083
"Calochaetes_coccineus",1.65540246401291,2.78278897452553
"Calothorax_pulcher",2.23874706308729,6.67127572326036
"Calyptophilus_frugivorus",1.19097211375243,13.6079536829592
"Calyptophilus_tertius",0.912483030113971,18.9039435077886
"Campephilus_gayaquilensis",2.4076376056165,2.3334967422978
"Campephilus_guatemalensis",1.01875780920313,1.62082664764482
"Campephilus_haematogaster",1.53940769277936,2.10624843782365
"Campephilus_leucopogon",1.46542816941114,2.8818622892511
"Campephilus_magellanicus",3.38091882866676,3.0003878798067
"Campephilus_melanoleucos",2.81903431117731,11.9804043447787
"Campephilus_pollens",1.9809318222732,1.88024175388957
"Campephilus_rubricollis",1.36386251778272,1.93559004277459
"Camptostoma_imberbe",1.41626330690017,1.87122039307166
"Campylopterus_falcatus",1.45982299623772,2.41977282490806
"Campylopterus_hemileucurus",0.802559714224961,2.05487709834632
"Campylopterus_hyperythrus",1.77829594298899,4.79495601768694
"Campylopterus_largipennis",1.38087205151629,1.93193775837114
"Campylopterus_villaviscensio",2.47377639216928,5.81541925834889
"Campylorhamphus_falcularius",1.13020831031521,2.74499971388414
"Campylorhamphus_procurvoides",NA,NA
"Campylorhamphus_pusillus",2.27714149607024,2.01725331810096
"Campylorhamphus_trochilirostris",0.641213557544246,1.58979598808009
"Campylorhynchus_albobrunneus",3.65129654398303,2.62993794400476
"Campylorhynchus_chiapensis",2.0164795392996,10.9314947382226
"Campylorhynchus_fasciatus",2.28275064637641,2.93619471634712
"Campylorhynchus_griseus",1.52466659960802,2.18278750287315
"Campylorhynchus_gularis",2.655137493223,3.17122667031208
"Campylorhynchus_jocosus",2.12604658510759,6.29528255717237
"Campylorhynchus_megalopterus",2.20716754900284,5.20778457210983
"Campylorhynchus_nuchalis",1.34838466391015,2.68557365235267
"Campylorhynchus_rufinucha",1.68558510373767,6.24276786045251
"Campylorhynchus_turdinus",1.01178804917606,1.6617006937941
"Campylorhynchus_yucatanicus",1.17174780735767,20.1803319648602
"Campylorhynchus_zonatus",0.903617289827739,1.69765566627701
"Capito_auratus",1.95907312648976,2.28641874605295
"Capito_aurovirens",2.52219868174967,4.38615994424288
"Capito_dayi",0.838341555621722,3.82036965989824
"Capito_maculicoronatus",NA,NA
"Capito_niger",1.89138820074716,4.64291963168548
"Capito_quinticolor",7.71209036864726,13.3631750046091
"Capito_squamatus",NA,NA
"Capsiempis_flaveola",0.956515668588836,1.48155642393882
"Caracara_plancus",0.928621749787562,1.25797926268366
"Cardellina_rubrifrons",1.29852593142714,3.14307366200001
"Cardinalis_cardinalis",1.27273535897254,2.06073886841454
"Cardinalis_phoeniceus",1.63104476092203,6.41053720533986
"Cardinalis_sinuatus",2.58499901127067,3.00711073549229
"Cariama_cristata",0.80505763373787,2.01571857596848
"Carpodectes_hopkei",4.7923166387376,1.14538474242678
"Carpornis_melanocephala",1.6057069704909,8.36289586564203
"Caryothraustes_canadensis",1.79238926453972,2.68739788098645
"Caryothraustes_poliogaster",1.15538830520564,2.32837595664106
"Casiornis_rufus",1.15152890476579,3.14092166989275
"Catamblyrhynchus_diadema",1.44370991101227,1.57425630616367
"Catamenia_analis",2.08359961886953,1.62562745907401
"Catamenia_inornata",1.96923993371467,1.60394481181067
"Catharacta_antarctica",3.4712497518347,2.44499026644294
"Cathartes_aura",NA,NA
"Cathartes_burrovianus",0.462660500377827,1.4663919811882
"Cathartes_melambrotus",1.44452286805345,2.03828324434678
"Catharus_dryas",1.23653405451555,3.37542799827184
"Catharus_frantzii",1.27894735194767,2.2320064322116
"Catharus_fuscater",1.38976623458859,1.50959990075205
"Catharus_gracilirostris",NA,NA
"Catharus_mexicanus",0.718990707401947,2.37751988065211
"Catharus_occidentalis",2.29879783934265,2.87740455463073
"Celeus_elegans",1.4507054566325,1.97139445843769
"Celeus_flavescens",0.835382935922,2.68037808918859
"Celeus_flavus",1.27025946267778,1.98156244299384
"Celeus_loricatus",4.4239906719235,1.69924633128228
"Celeus_lugubris",1.16216910648848,4.80073064093045
"Celeus_spectabilis",1.90008020459139,4.79760926627404
"Cephalopterus_ornatus",NA,NA
"Cercomacra_brasiliana",0.765443018536224,5.82040518260524
"Cercomacra_carbonaria",2.29139685385636,19.8886441221503
"Cercomacra_cinerascens",1.4307956599902,2.04293834969781
"Cercomacra_manu",1.15398122038872,3.84080777204787
"Cercomacra_melanaria",1.4177982888931,6.9818229996203
"Cercomacra_nigricans",2.50718685310851,15.2423417498916
"Certhiaxis_cinnamomeus",0.424338953497024,1.47231651713258
"Certhidea_olivacea",1.79321018514915,18.2131687912282
"Chaetocercus_mulsant",1.72344512216489,1.84182376877948
"Chaetura_chapmani",1.96723720321641,2.67693771792807
"Chaetura_cinereiventris",1.17081699135933,1.49718487234249
"Chalcostigma_herrani",2.34743480111376,2.47143836264059
"Chalcostigma_olivaceum",2.91156462563076,7.56130239929605
"Chalcostigma_ruficeps",1.90796487876184,4.93433968725994
"Chalcostigma_stanleyi",1.69304441295466,3.13551868500374
"Chalybura_buffonii",1.64016566918898,1.71851085336147
"Chalybura_urochrysia",2.93691049920214,1.82299788250076
"Chamaepetes_goudotii",1.68585621121638,1.59385084543304
"Chamaepetes_unicolor",2.02112959147632,3.90075637566156
"Chamaeza_campanisona",0.781406266030827,1.50729351981722
"Chamaeza_meruloides",1.31382662683481,4.10060739386686
"Chamaeza_mollissima",1.43336943998031,2.19409346010029
"Chamaeza_nobilis",1.76790293836975,2.99505752774102
"Charadrius_alticola",3.44796468483773,3.17174713178182
"Charadrius_collaris",0.512998059754117,1.24495905189573
"Charadrius_modestus",3.53482883874547,4.26359385595764
"Charadrius_wilsonia",1.50231778540974,2.08157664708442
"Chauna_torquata",1.19090988342049,2.47454151900746
"Chiroxiphia_boliviana",1.38551334877267,5.09806034031523
"Chiroxiphia_caudata",1.10836958929661,3.38641830682496
"Chiroxiphia_linearis",1.3089481655864,2.57864149925552
"Chiroxiphia_pareola",1.28166218737488,2.0380347352231
"Chloephaga_melanoptera",2.88142618400209,1.66310525577571
"Chloephaga_picta",3.97488244646797,61.1358792842433
"Chloroceryle_amazona",0.601373904008106,1.35826575576592
"Chloroceryle_americana",0.535388516839727,1.24367136554955
"Chlorochrysa_calliparaea",1.81234290412278,5.34532586147755
"Chlorochrysa_nitidissima",3.0319647223657,1.988456935276
"Chlorochrysa_phoenicotis",2.65005976214398,2.68308595850778
"Chlorophonia_flavirostris",3.42167601108007,3.14769393296368
"Chlorophonia_occipitalis",1.11364979652646,3.03193180288126
"Chlorornis_riefferii",1.63420009149902,2.10828675985396
"Chlorospingus_canigularis",1.8335194043547,1.77602120873519
"Chlorospingus_flavigularis",1.87929189037417,1.92594914144243
"Chlorospingus_inornatus",2.94607716642378,5.28223860493536
"Chlorospingus_parvirostris",1.59456743502327,2.27211938314343
"Chlorospingus_pileatus",1.86344758381,0.921705013689871
"Chlorospingus_semifuscus",3.08025260105102,2.93883640505946
"Chlorospingus_tacarcunae",2.31796021115067,3.46300488662422
"Chlorostilbon_lucidus",0.831784173431232,2.07899063566499
"Chlorostilbon_mellisugus",1.31333538440602,1.7345435728451
"Chlorostilbon_poortmani",1.44889893366587,2.28517068526558
"Chondrohierax_uncinatus",0.899235451701911,1.45675837479207
"Chondrohierax_wilsonii",1.44722035684766,9.39259306449897
"Chordeiles_pusillus",0.834314211098791,1.87669406177773
"Chordeiles_rupestris",2.10161450233382,2.33857575560793
"Chrysolampis_mosquitus",0.842185135058268,1.74883304302763
"Chrysomus_icterocephalus",1.64835320361328,2.10589657168514
"Chrysomus_ruficapillus",0.743339763371748,1.81524215570639
"Chrysothlypis_chrysomelas",NA,NA
"Chunga_burmeisteri",1.76076635380955,4.51472812494001
"Cichlopsis_leucogenys",1.12710033640547,6.56183671202059
"Ciconia_maguari",0.685393034080064,1.51373530610578
"Cinclocerthia_gutturalis",2.61076693624162,5.80323834138626
"Cinclocerthia_ruficauda",2.17314612853074,9.80715898352769
"Cinclodes_albidiventris",1.8172373761532,1.85265759484901
"Cinclodes_atacamensis",3.08476057716644,2.1032025105609
"Cinclodes_excelsior",2.53536793584472,3.16710215709033
"Cinclodes_fuscus",1.89084093139598,4.88745576494032
"Cinclodes_nigrofumosus",2.31000413777534,3.72118293951937
"Cinclodes_olrogi",1.84331129086186,37.6754381787755
"Cinclodes_oustaleti",2.8860281878895,2.0171857944091
"Cinclodes_pabsti",2.12131109369811,8.29856538560348
"Cinclodes_patagonicus",3.13500487284875,2.19935879849909
"Cinclodes_taczanowskii",2.16263614289174,20.1482027172713
"Cinclus_mexicanus",1.80120783785678,2.28944411497661
"Cinnycerthia_peruana",1.75619519529048,4.66825416683782
"Circus_buffoni",0.745808486911193,1.74532634123787
"Circus_cinereus",3.54317389238038,9.34825019023948
"Cissopis_leverianus",1.00926599862751,1.59882328326623
"Clibanornis_dendrocolaptoides",1.63457632587385,5.25728762188415
"Cnemarchus_erythropygius",1.95864187694444,2.86294896462175
"Cnemoscopus_rubrirostris",2.31820533358251,2.68894829177429
"Cnemotriccus_fuscatus",0.733883669327394,1.44885295477068
"Cnipodectes_subbrunneus",2.21219696864242,3.76135849363881
"Coccycua_minuta",1.94261942215234,2.0962896316375
"Coccycua_pumila",1.62216643376439,2.20829793168593
"Coccyzus_euleri",0.723224456443677,1.55853493419334
"Coccyzus_lansbergi",1.40035784638793,1.83589043543354
"Coccyzus_longirostris",1.07483877642026,4.88251460452373
"Coccyzus_melacoryphus",0.576932557495588,1.26674106212901
"Coccyzus_merlini",1.45054302848918,7.98347119490405
"Coccyzus_minor",0.875670825786289,1.57254788666447
"Coccyzus_pluvialis",1.54547604554322,8.54977716042756
"Coccyzus_vetula",1.54547604554322,8.54977716042756
"Coccyzus_vieilloti",1.43370310062321,21.4522042974042
"Cochlearius_cochlearius",0.870501844330606,1.48710748207218
"Coeligena_bonapartei",1.8507215005828,4.2435968805662
"Coeligena_coeligena",1.92979168993941,44.2750697606466
"Coeligena_helianthea",1.65963998829543,2.6642724515492
"Coeligena_iris",1.8516835973163,6.1458314399422
"Coeligena_lutetiae",2.40276015376942,2.51174836344821
"Coeligena_orina",NA,NA
"Coeligena_phalerata",1.66316734929846,8.32389279387406
"Coeligena_prunellei",1.8314293167008,27.9739054634235
"Coeligena_torquata",1.89755560085484,1.93907157427273
"Coeligena_violifer",1.3585138762155,5.52635504830692
"Coeligena_wilsoni",2.56019455395603,2.24559665655504
"Coereba_flaveola",NA,NA
"Colaptes_atricollis",2.34312718964497,3.63110556722548
"Colaptes_auratus",1.4639227934793,6.64676318498172
"Colaptes_auricularis",2.54909196269158,5.29316674710634
"Colaptes_campestris",0.800640085356457,2.47497858862894
"Colaptes_fernandinae",1.43787791057361,8.20349949297086
"Colaptes_melanochloros",0.640165946544776,2.06651496933839
"Colaptes_punctigula",1.43627376838516,2.03976240636286
"Colaptes_rivolii",1.76098182950668,1.67805031853118
"Colaptes_rubiginosus",0.944764286932572,1.28754178586825
"Colaptes_rupicola",2.76272001084279,2.20209874949226
"Colibri_coruscans",1.4887786350268,1.42963016911472
"Colibri_delphinae",1.41947027578166,1.70598889450107
"Colibri_serrirostris",1.03596877830663,2.57596643283859
"Colibri_thalassinus",1.93314599154668,2.57100270793877
"Colinus_cristatus",1.59664028998967,1.91884518069002
"Colinus_virginianus",1.19006278372953,2.25005282496664
"Colorhamphus_parvirostris",3.16461820271265,4.12339675189499
"Columbina_cruziana",1.66878939978895,1.74064026897159
"Columbina_minuta",0.599835815878629,1.55590666372565
"Columbina_picui",1.04707546031193,1.53782920769684
"Columbina_squammata",0.66814817120594,1.84946066212227
"Conioptilon_mcilhennyi",1.81630388589764,12.2953549735697
"Conirostrum_albifrons",1.59402600789308,1.81264758238347
"Conirostrum_bicolor",1.90891150730938,2.75380161646816
"Conirostrum_margaritae",2.13013987983471,5.63978778473438
"Conirostrum_sitticolor",1.63497569491226,1.66248039939053
"Conirostrum_speciosum",0.601772092424772,1.52097712930315
"Conopophaga_ardesiaca",1.2271304958203,2.94431145029476
"Conopophaga_aurita",1.79546791832169,3.4191224578962
"Conopophaga_lineata",0.902731308793938,2.87345675211056
"Conopophaga_peruviana",1.97439859685685,4.05210650572916
"Conothraupis_speculigera",2.8305341026179,4.03209471949821
"Contopus_cinereus",0.820277198071352,2.41368584052969
"Contopus_fumigatus",1.13822675062319,1.27159035689415
"Contopus_pertinax",2.04819520004713,2.42356872981761
"Corapipo_gutturalis",1.80648232806423,3.41020620785891
"Corapipo_leucorrhoa",2.03275735088744,2.10050214461657
"Corvus_nasicus",1.42398420617664,7.24548666167137
"Coryphistera_alaudina",1.83432042702482,3.68850711243804
"Coryphospingus_cucullatus",0.899447892236093,1.6643636972305
"Coryphospingus_pileatus",1.00551418225644,2.14230555895551
"Corythopis_delalandi",1.0250270261749,3.27944506401078
"Corythopis_torquatus",1.47675827473839,2.10056459524819
"Cotinga_cayana",1.53406675326723,2.13560015863248
"Cotinga_maynana",1.83378077869871,3.01585706173129
"Cranioleuca_albicapilla",1.82557020996192,7.90499632764132
"Cranioleuca_albiceps",1.42588581277558,6.9772774167405
"Cranioleuca_antisiensis",2.08325683086601,4.41358197772789
"Cranioleuca_baroni",2.22784142606601,8.3325881255835
"Cranioleuca_curtata",1.43099069391653,2.31547731708609
"Cranioleuca_demissa",1.63044433055206,3.52437702775925
"Cranioleuca_erythrops",2.60886317833946,2.00394990413171
"Cranioleuca_henricae",2.07573822671568,2.10857841734894
"Cranioleuca_marcapatae",2.14821147497164,10.2025818836195
"Cranioleuca_obsoleta",1.78917144991769,4.69722650797834
"Cranioleuca_pyrrhophia",1.75849130785485,2.46243704287324
"Cranioleuca_subcristata",1.26418020763879,2.46543820360318
"Cranioleuca_sulphurifera",2.07621467816717,5.92292124479592
"Cranioleuca_vulpina",0.803256180441622,1.97151354150977
"Crax_alberti",2.8194196020699,5.71307282515386
"Crax_alector",1.9551693331358,3.31333285271521
"Crax_daubentoni",1.34239367449667,2.75720498358948
"Crax_fasciolata",0.759766888091425,2.26937104780232
"Crax_globulosa",2.01633442327925,4.6704019870215
"Crax_rubra",1.23434868097018,1.41109595276976
"Creagrus_furcatus",1.95159922937855,10.1984503530958
"Creurgops_dentatus",1.21661780411723,3.33986992342669
"Creurgops_verticalis",1.8951798424325,2.67319786443548
"Crotophaga_major",0.764036305824538,1.41945528488175
"Crotophaga_sulcirostris",0.900877631636411,1.17003899290525
"Crypturellus_obsoletus",0.913744180775904,1.57140072224565
"Crypturellus_parvirostris",0.659188021253238,1.89560210100716
"Crypturellus_strigulosus",0.831234592595368,2.5617843771727
"Crypturellus_tataupa",0.779058681566488,2.04539680835943
"Crypturellus_undulatus",0.969537085009246,1.59172544188751
"Crypturellus_variegatus",1.66267861100263,2.32043670343773
"Culicivora_caudacuta",1.06604225645815,2.95342871830265
"Curaeus_curaeus",3.58780304429764,43.8242504512782
"Cyanerpes_caeruleus",2.73642547842822,9.20310732621886
"Cyanerpes_cyaneus",1.22981767572592,1.73130017464803
"Cyanerpes_nitidus",1.88205404297224,2.30280995252472
"Cyanocompsa_parellina",1.15359566154571,2.15375675128972
"Cyanocorax_affinis",1.80606739219369,1.82017418049382
"Cyanocorax_beecheii",2.98246551221712,10.9576362710331
"Cyanocorax_cayanus",1.80192438672131,3.91799796433549
"Cyanocorax_chrysops",0.988791753835617,1.96220516332383
"Cyanocorax_cristatellus",1.1294668883752,3.00488120529673
"Cyanocorax_cyanomelas",1.04847692178801,2.45973857057842
"Cyanocorax_cyanopogon",1.06055127459612,2.83378142412895
"Cyanocorax_dickeyi",2.72555737992111,15.5447099464486
"Cyanocorax_heilprini",2.94603801437336,6.91973740893935
"Cyanocorax_melanocyaneus",0.819029266398786,3.07044122910757
"Cyanocorax_morio",0.818242107888931,1.95469305714846
"Cyanocorax_mystacalis",2.98665572042926,4.31787255775858
"Cyanocorax_sanblasianus",2.46439063678356,8.10456298524719
"Cyanocorax_violaceus",1.82853958207501,2.47002229165744
"Cyanocorax_yncas",0.662608015631534,1.63442035716151
"Cyanocorax_yucatanicus",0.993746699535465,7.66395226944916
"Cyanoliseus_patagonus",2.0569700620477,11.7646897681136
"Cyanoloxia_glaucocaerulea",1.99217298588687,4.23472237693331
"Cyanolyca_argentigula",2.74953115516671,10.9448197702279
"Cyanolyca_armillata",1.77503492543605,3.13452222776276
"Cyanolyca_cucullata",0.938283253044345,2.80491844756881
"Cyanolyca_mirabilis",NA,NA
"Cyanolyca_pulchra",2.90242470508843,3.33216835376127
"Cyanolyca_pumilo",0.982134923741499,2.77529530569434
"Cyanolyca_turcosa",2.24213054107232,2.65286168500252
"Cyanolyca_viridicyanus",1.39168844684768,3.22153556849798
"Cyclarhis_gujanensis",0.475702632391921,1.39133898714725
"Cymbilaimus_lineatus",1.46662274065579,1.89418304351454
"Cymbilaimus_sanctaemariae",1.31981394585616,4.44004657857073
"Cyphorhinus_arada",1.6540494973485,2.58914055970054
"Cypsnagra_hirundinacea",1.06408030997499,2.72222771519267
"Dacnis_venusta",3.17639176778545,1.99906995218187
"Daptrius_ater",1.40665672607764,2.02134315001534
"Deconychura_longicauda",1.96129995679233,5.03000547884418
"Deltarhynchus_flammulatus",2.54832948141693,4.87065761496109
"Dendrexetastes_rufigula",1.36760424034601,2.15967922846272
"Dendrocincla_anabatina",2.11588318665281,5.21464456879923
"Dendrocincla_fuliginosa",1.3019853367837,1.73076597353789
"Dendrocincla_homochroa",0.823396723038498,1.68490639338321
"Dendrocincla_merula",1.61694479216848,2.31003477375901
"Dendrocincla_turdina",1.03712509440955,3.08457635585116
"Dendrocincla_tyrannina",1.76021467826147,1.80591491554398
"Dendrocolaptes_certhia",1.42973370391455,2.0088274070675
"Dendrocolaptes_picumnus",1.3839436821572,1.77976468320969
"Dendrocolaptes_platyrostris",0.62713465402848,2.20842529363426
"Dendrocolaptes_sanctithomae",1.32070472166372,1.61124203725682
"Dendrocygna_arborea",1.79855054285973,6.55750228177442
"Dendrocygna_viduata",NA,NA
"Dendroplex_picus",1.05465197433824,1.67630868211013
"Deroptyus_accipitrinus",1.58777058771315,2.1922462420932
"Dichrozona_cincta",1.7244350138755,2.60717507979692
"Diglossa_albilatera",1.92555929619795,1.95025782859055
"Diglossa_baritula",1.579218306698,2.77300539697796
"Diglossa_brunneiventris",2.53279928061331,2.9537246025284
"Diglossa_caerulescens",1.58397135739233,1.9350764953348
"Diglossa_carbonaria",2.63029105401265,7.5604487675265
"Diglossa_cyanea",1.57572735986104,1.538127587662
"Diglossa_duidae",2.79826014377129,4.71323506034697
"Diglossa_glauca",1.45730578184097,2.44662929994308
"Diglossa_gloriosa",1.94416194564317,10.5359333423075
"Diglossa_humeralis",1.92165042995024,1.71411051136874
"Diglossa_indigotica",3.6665635585516,3.72218242234573
"Diglossa_lafresnayii",2.11724594466436,2.12694363299808
"Diglossa_major",1.83223087749877,5.39010056015829
"Diglossa_mystacalis",1.74027368608953,3.64977964080847
"Diglossa_plumbea",2.43769092900034,7.17179136349333
"Diglossa_sittoides",1.35915226326386,1.73191428879791
"Diopsittaca_nobilis",1.55797461383401,3.54591564634008
"Discosura_conversii",3.79072415752374,2.03972337736565
"Discosura_langsdorffi",1.9070459689053,3.15068855989992
"Discosura_longicaudus",1.80848697680574,2.85804104956885
"Discosura_popelairii",2.09520432290911,3.37022259065064
"Diuca_diuca",1.85472313262381,7.42869170606654
"Dives_dives",NA,NA
"Doliornis_sclateri",1.88839222260727,8.46853229014938
"Donacobius_atricapilla",0.89036781104587,1.55535974097602
"Donacospiza_albifrons",1.58421280619062,2.99390548243782
"Doryfera_johannae",2.03313615267753,2.06079874122175
"Doryfera_ludovicae",NA,NA
"Dromococcyx_pavoninus",0.856368276262678,1.5602970145537
"Dromococcyx_phasianellus",0.614132249308571,1.59096180786946
"Drymophila_caudata",1.69857238570398,3.36949387449852
"Drymophila_devillei",1.02552664957964,3.06113644419863
"Drymophila_ferruginea",1.10754949300864,3.4413054771772
"Drymophila_genei",1.41953360970763,5.42672387706806
"Drymophila_ochropyga",1.04772588266466,3.49138581976667
"Drymophila_rubricollis",1.50277965514759,4.81335941488473
"Drymophila_squamata",0.915688951454146,3.63984134379866
"Drymornis_bridgesii",1.77243233630297,3.79351419603956
"Dulus_dominicus",0.93992619548411,4.53327003973379
"Dysithamnus_mentalis",0.541748255867384,1.39301317973628
"Dysithamnus_plumbeus",1.20293974796363,7.29624875519268
"Dysithamnus_puncticeps",NA,NA
"Egretta_caerulea",0.658069170322364,1.63567328106271
"Egretta_rufescens",1.55071212035856,2.96864843495947
"Egretta_thula",NA,NA
"Egretta_tricolor",0.71240815471012,1.62814696214435
"Elaenia_albiceps",3.93312515452683,63.7041013303526
"Elaenia_chiriquensis",0.719754912832686,1.43968597062308
"Elaenia_cristata",0.954331457575831,2.05747414562164
"Elaenia_dayi",2.07417084485948,5.14737146941085
"Elaenia_fallax",1.51062898075876,8.72986204183982
"Elaenia_flavogaster",0.616174455577167,1.41720798468676
"Elaenia_frantzii",1.33448679627727,1.84846502253468
"Elaenia_gigas",1.87200027371326,2.44421548772628
"Elaenia_martinica",1.38833534323341,5.50219619287275
"Elaenia_mesoleuca",0.906002384586271,2.51023997969952
"Elaenia_obscura",1.26422438719149,2.20901560473991
"Elaenia_pallatangae",1.63024696728896,1.62241933359556
"Elaenia_parvirostris",1.16681524091887,1.73601197514014
"Elaenia_pelzelni",1.80292653917068,3.50012265541505
"Elaenia_ruficeps",2.17557988771906,2.83555823811009
"Elaenia_spectabilis",1.02002604290088,2.84221630588603
"Elaenia_strepera",NA,NA
"Elanoides_forficatus",0.909131738149439,2.58994189320673
"Eleoscytalopus_indigoticus",1.08934944081042,3.22630763056059
"Eleoscytalopus_psychopompus",2.8335962635675,33.2549806735996
"Eleothreptus_anomalus",1.46059329800622,3.67145499389494
"Eleothreptus_candicans",1.52072026037822,18.1988381486049
"Emberizoides_herbicola",0.480482748681055,1.58784925213294
"Emberizoides_ypiranganus",1.80385905905426,3.98360341864943
"Embernagra_platensis",1.49825043714626,2.26230037145656
"Empidonax_affinis",2.30277601299997,3.04052347973334
"Empidonax_albigularis",2.81320785742181,4.56343498497269
"Empidonax_atriceps",NA,NA
"Empidonax_flavescens",0.836724605425635,2.24885403983967
"Empidonax_fulvifrons",2.08975784926658,2.53477450709021
"Empidonomus_varius",2.26617651439168,27.8171375311683
"Enicognathus_leptorhynchus",2.87174545123741,4.29470399957235
"Ensifera_ensifera",1.51086813503085,1.63805461265189
"Entomodestes_coracinus",2.78122003550321,3.10609279651202
"Entomodestes_leucotis",1.26352104743605,3.16093975053678
"Epinecrophylla_erythrura",2.30703963528806,3.36867809489522
"Epinecrophylla_fulviventris",2.84192644121137,2.05804079146168
"Epinecrophylla_haematonota",2.23943803269975,2.8924876483977
"Epinecrophylla_leucophthalma",1.01567952591955,2.62936064951066
"Epinecrophylla_ornata",1.54279208234526,3.05541933740845
"Epinecrophylla_spodionota",1.98569303497444,2.97903932691383
"Eriocnemis_glaucopoides",1.46191970338869,3.62417901147224
"Eriocnemis_luciani",2.47855303345447,3.32373493212028
"Eriocnemis_mosquera",2.61372374675555,3.17734201416586
"Eriocnemis_vestita",2.06187731155012,2.25562335891889
"Eubucco_bourcierii",2.56471636548487,1.93239741657198
"Eubucco_richardsoni",2.4059435162214,4.11939383261361
"Eucometis_penicillata",1.05369472910207,1.66774230266692
"Eudocimus_ruber",1.66234211757197,2.44949846459248
"Eudromia_elegans",2.3139304596342,3.74612047081439
"Eugenes_fulgens",2.03807549485782,2.52717677395576
"Eugralla_paradoxa",3.00847847567135,4.19879245464538
"Eulampis_holosericeus",2.16314065398023,7.76016498200834
"Eulampis_jugularis",2.24850881659518,9.67531163130606
"Euneornis_campestris",1.54547604554322,8.54977716042756
"Eupetomena_macroura",0.725088561121251,2.16634989984129
"Eupherusa_eximia",0.852599141652063,3.06062387415401
"Eupherusa_nigriventris",2.41131889376419,4.98834153262692
"Euphonia_affinis",NA,NA
"Euphonia_chlorotica",0.455047324752213,1.50545311508886
"Euphonia_cyanocephala",0.706524776643767,1.45500028082057
"Euphonia_finschi",1.71567291183415,4.71065981786671
"Euphonia_fulvicrissa",3.295337186807,2.23294669703954
"Euphonia_gouldi",1.13159728142133,2.3166443801496
"Euphonia_hirundinacea",2.22914853647678,9.23019123017334
"Euphonia_laniirostris",1.13218922510019,1.65536187161289
"Euphonia_musica",0.83074213107979,7.92778593791843
"Euphonia_pectoralis",0.98620129230891,3.16445113433779
"Euptilotis_neoxenus",2.89520501285038,6.47282897964881
"Eurypyga_helias",1.30748728545643,1.74524426465158
"Euscarthmus_meloryphus",0.684961440706088,1.78415455802792
"Euscarthmus_rufomarginatus",1.24702740682269,15.5787167536289
"Eutoxeres_aquila",2.74084099728858,1.71028780828067
"Eutoxeres_condamini",1.92245115006749,2.85105339965205
"Falco_deiroleucus",0.740904677672076,1.50027548347294
"Falco_peregrinus",1.57949245546871,2.25076444315377
"Florisuga_fusca",1.15133469113858,2.32504255607966
"Florisuga_mellivora",2.83117858903022,10.4222038286527
"Fluvicola_albiventer",1.17933432352018,2.67336553142826
"Fluvicola_nengeta",0.653965154658999,1.98639973350504
"Fluvicola_pica",1.63941116363126,2.12103183040499
"Formicarius_analis",1.42373009545061,1.95086589212624
"Formicarius_colma",1.29807524327161,1.8519433014972
"Formicarius_nigricapillus",4.29897018246261,2.46926916876101
"Formicivora_grisea",0.972375922866687,1.78832657508274
"Formicivora_melanogaster",1.00350775419369,2.52733882186396
"Formicivora_rufa",0.870614388339583,2.13434379216788
"Forpus_passerinus",1.54608074112152,2.38374254622287
"Forpus_xanthopterygius",0.697716390625634,1.59107449182405
"Frederickena_viridis",1.7945399534121,3.46547758978351
"Fulica_ardesiaca",3.16347418682602,2.60336462136184
"Fulica_armillata",2.15440433027133,1.5259557874649
"Fulica_cornuta",3.26950738996762,8.15874740732976
"Fulica_gigantea",3.37687846816538,3.43638215416063
"Fulica_rufifrons",1.82352140184773,2.40855088136438
"Furnarius_cristatus",1.79813204937006,5.50222871684399
"Furnarius_figulus",1.03690984683063,2.57921395185587
"Furnarius_leucopus",0.840160407611023,1.92322818592928
"Furnarius_rufus",1.01914767437684,1.97816954149236
"Galbula_albirostris",1.99548445350012,3.79076571092794
"Galbula_cyanescens",1.67981679134019,3.57587913530558
"Galbula_pastazae",NA,NA
"Galbula_ruficauda",0.699742720078604,1.90474754438071
"Gallinago_paraguaiae",3.97488244646797,61.1358792842433
"Gampsonyx_swainsonii",0.657369453651566,1.57139990711812
"Geococcyx_velox",1.83040050215874,2.38034643566544
"Geositta_crassirostris",3.15151769873507,7.88267898585049
"Geositta_cunicularia",2.13606482881639,1.61582805710556
"Geositta_maritima",1.95772026529679,7.76531415413395
"Geositta_peruviana",2.26105329792825,9.34389741388866
"Geositta_poeciloptera",1.35337196230639,4.60556638330032
"Geositta_punensis",3.64906742549215,3.05040955285879
"Geositta_rufipennis",2.7158791372515,1.48919284682768
"Geositta_saxicolina",2.58884178820565,13.4713385679738
"Geositta_tenuirostris",2.63363476185503,2.31506198823434
"Geospiza_fortis",1.74482438567909,10.3919871261966
"Geospiza_fuliginosa",1.75164134426588,10.5346333132325
"Geospiza_magnirostris",1.77527036798886,12.4288213799468
"Geospiza_scandens",1.77892458610382,11.6865641359655
"Geothlypis_aequinoctialis",1.8740660001617,17.1274106534143
"Geothlypis_flavovelata",1.74271936579185,9.14362191431416
"Geothlypis_nelsoni",1.64726708388275,3.147272854606
"Geothlypis_poliocephala",NA,NA
"Geothlypis_rostrata",2.25956825092509,38.353337524053
"Geothlypis_semiflava",3.47363457809346,2.05092303660535
"Geotrygon_saphirina",2.61560770325913,3.55752480579178
"Geotrygon_versicolor",1.54547604554322,8.54977716042756
"Geranoaetus_melanoleucus",1.24514254672897,1.1530359586453
"Geranospiza_caerulescens",0.693484356662128,1.29649325835237
"Glaucidium_griseiceps",1.10614276931929,3.19541335044217
"Glaucidium_hardyi",1.17514289411537,2.20721477974317
"Glaucidium_jardinii",1.88359038933278,1.91689276906254
"Glaucidium_minutissimum",0.971074270030355,3.34746728900179
"Glaucidium_peruanum",2.01750425734338,2.10002661947419
"Glaucis_aeneus",2.95271582911063,2.66493930015461
"Gnorimopsar_chopi",0.699605132628942,1.96051551809394
"Grallaria_andicolus",2.30316694788299,4.72807029656803
"Grallaria_blakei",1.73412786635634,5.54258586646495
"Grallaria_dignissima",2.88545325967795,7.36556516172961
"Grallaria_eludens",1.94138803934086,8.88365976924663
"Grallaria_guatimalensis",NA,NA
"Grallaria_hypoleuca",2.17237292881599,2.79517915433952
"Grallaria_nuchalis",2.31765833118449,2.87421105975404
"Grallaria_ruficapilla",1.80234377304681,1.62174438433586
"Grallaria_rufula",1.65977653548152,1.71523217040572
"Grallaria_squamigera",1.61132217310924,1.613002627673
"Grallaria_varia",1.11482830432842,1.74883014567908
"Grallaria_watkinsi",2.574197325951,9.7970503331453
"Grallaricula_flavirostris",1.56368982505555,1.54906436329761
"Grallaricula_lineifrons",2.74474019890769,4.24469275603101
"Grallaricula_nana",1.98507909321524,1.91933902411184
"Granatellus_pelzelni",1.32996155081891,2.20578880835092
"Granatellus_sallaei",0.916521223462142,4.2263332120242
"Granatellus_venustus",2.3867032140067,4.40458542032035
"Graydidascalus_brachyurus",2.03169824814799,3.06166153586902
"Guaruba_guarouba",2.27244857825388,6.66593897162116
"Gubernatrix_cristata",1.58610663140552,5.56739895367956
"Gubernetes_yetapa",1.06742096261164,3.57657121543522
"Guira_guira",0.77062025797622,1.60739132454083
"Gymnocichla_nudiceps",1.96771182258835,1.99182882028225
"Gymnoderus_foetidus",1.11427029997606,1.97082786163274
"Gymnomystax_mexicanus",1.82279148132735,2.54506363502553
"Gymnopithys_leucaspis",2.67835404385513,4.98632584539001
"Gymnopithys_rufigula",1.91450860824928,3.35122799687156
"Habia_fuscicauda",NA,NA
"Habia_gutturalis",2.44037360595977,3.51549480630307
"Habia_rubica",1.07984618868084,1.53997823729068
"Haematoderus_militaris",2.00638089846592,4.56022015310088
"Haematopus_ater",2.69119814163132,1.83785556987796
"Haematopus_leucopodus",3.59582348097263,18.20411068508
"Haematopus_palliatus",0.767961260555919,0.997168851948621
"Hapalopsittaca_amazonina",2.10462515150363,3.16800186871092
"Haplophaedia_aureliae",2.52011621649737,3.15595590329939
"Haplophaedia_lugens",2.30754187390023,4.12675705362062
"Haplospiza_unicolor",1.23900189588919,3.7793486640343
"Harpagus_bidentatus",1.24933881877162,1.61934908869962
"Harpia_harpyja",1.32337101179139,1.62913843608111
"Heliactin_bilophus",1.09221114714438,2.60381043516311
"Heliangelus_amethysticollis",1.99393698343466,4.2863592726022
"Heliangelus_exortis",2.53714608304846,3.63546994840197
"Heliangelus_micraster",1.91822892334577,4.53584842411609
"Heliangelus_regalis",1.91647384686406,9.663290026711
"Heliangelus_strophianus",2.01054456653921,3.26641841276034
"Heliangelus_viola",1.91152526680202,70.4567899527648
"Heliobletus_contaminatus",1.37486206303824,3.72497729408342
"Heliodoxa_aurescens",1.74659887752106,2.36423698168649
"Heliodoxa_branickii",1.55821833459453,4.10742495073095
"Heliodoxa_imperatrix",3.09553764445995,3.19807920800159
"Heliodoxa_jacula",2.25405787061567,2.071944263485
"Heliodoxa_leadbeateri",1.38538436301094,1.73179979066932
"Heliodoxa_rubinoides",2.02467961573069,2.09811823737971
"Heliodoxa_schreibersii",2.71186356280154,4.93529133598705
"Heliodoxa_xanthogonys",2.18698228236377,3.44070428251923
"Heliomaster_furcifer",1.12410243657977,2.49623969922497
"Heliornis_fulica",1.18996893433537,1.57163134199463
"Heliothryx_auritus",1.39835016928981,1.97474814160151
"Heliothryx_barroti",2.34553258692879,9.67427960528187
"Hellmayrea_gularis",1.90630742928878,2.00519308349468
"Hemithraupis_flavicollis",1.43220318309106,1.95491230809602
"Hemitriccus_diops",1.00533844215986,3.18580970128074
"Hemitriccus_flammulatus",1.38477055992309,3.99864560285384
"Hemitriccus_griseipectus",1.09834160514105,2.26287698691633
"Hemitriccus_iohannis",1.72530970351164,4.55176662594254
"Hemitriccus_josephinae",1.89643541516474,6.89610626008212
"Hemitriccus_margaritaceiventer",0.80855976132894,1.7562159345845
"Hemitriccus_minimus",0.970394919605525,2.41150133502887
"Hemitriccus_minor",1.04624082932736,2.45646839225449
"Hemitriccus_nidipendulus",0.967533551900038,3.74406520131854
"Hemitriccus_striaticollis",0.752039397687336,2.42817828095723
"Hemitriccus_zosterops",2.21622638750962,3.81442765265791
"Henicorhina_leucophrys",1.00606485681517,1.40622299721694
"Henicorhina_leucoptera",1.88930801184673,9.92594676638397
"Henicorhina_leucosticta",1.84968302089435,1.81020875616901
"Herpetotheres_cachinnans",0.791198630195304,1.40029223212809
"Herpsilochmus_atricapillus",0.979352465059345,2.79978470322932
"Herpsilochmus_axillaris",2.00657076637338,2.62498751429256
"Herpsilochmus_dorsimaculatus",2.29984405863833,3.19245875256575
"Herpsilochmus_longirostris",1.14381507469827,3.57350473004837
"Herpsilochmus_motacilloides",1.39866519963207,8.63838612581532
"Herpsilochmus_rufimarginatus",1.20617181680006,4.13609081737383
"Herpsilochmus_stictocephalus",1.70325694863563,5.76510301952314
"Heterocercus_flavivertex",2.44348927199316,4.99854291520384
"Heterocercus_linteatus",0.939022403090706,2.85746934936213
"Heteronetta_atricapilla",NA,NA
"Heterospingus_rubrifrons",2.54450028212194,4.50356226827866
"Heterospingus_xanthopygius",3.61390284316752,1.96459452879504
"Hirundinea_ferruginea",1.69183676777721,1.64035713557579
"Hydropsalis_climacocerca",1.44174095000283,2.09220164256583
"Hydropsalis_torquata",0.781597624338481,1.73840038859028
"Hylexetastes_perrotii",1.20557276842744,2.39595780300403
"Hylomanes_momotula",1.12951394258393,1.68837835918809
"Hylopezus_berlepschi",0.897616794962658,2.53784741065475
"Hylopezus_fulviventris",2.98268380495417,7.89972169749125
"Hylopezus_ochroleucus",1.41616674476968,4.37698485615066
"Hylophylax_naevioides",2.55825363143142,1.72014589641934
"Hylophylax_naevius",1.56091611904257,2.14928852725401
"Hylophylax_punctulatus",1.5781843148363,2.46110150308881
"Hylorchilus_sumichrasti",1.80171567213297,14.6724786918607
"Hymenops_perspicillatus",1.09641391274416,4.45963860870704
"Hypocnemis_cantator",1.82782546287681,4.81631522562773
"Hypocnemoides_maculicauda",0.871981614418213,2.27523372894802
"Hypoedaleus_guttatus",1.06752598018676,3.4171831360066
"Hypopyrrhus_pyrohypogaster",2.70429227565941,9.91165682385509
"Ibycter_americanus",0.818865876510787,2.4374903317546
"Icterus_auratus",1.18790679414366,11.1486293932424
"Icterus_auricapillus",1.42193111907046,4.40957498705248
"Icterus_cayanensis",1.13954305771884,2.22813863580846
"Icterus_chrysater",0.936756562347143,2.91559015947433
"Icterus_cucullatus",3.3214853506046,19.5630939941595
"Icterus_dominicensis",0.94103215437328,4.53010010132385
"Icterus_graceannae",3.06158981432615,4.51628296234182
"Icterus_graduacauda",1.69417681990711,2.81895506420211
"Icterus_gularis",1.00046713136918,2.19302138314794
"Icterus_icterus",1.39378562067263,2.92641831835939
"Icterus_jamacaii",1.02904792876389,2.83503772128782
"Icterus_leucopteryx",NA,NA
"Icterus_maculialatus",1.20872426958629,3.02505334809832
"Icterus_mesomelas",NA,NA
"Icterus_nigrogularis",1.53268176771064,2.33783239833393
"Icterus_pectoralis",1.30603481835551,2.8782930641548
"Icterus_prosthemelas",0.906250668338008,2.39288406641536
"Ictinia_plumbea",1.64983032378806,2.89695182714335
"Idiopsar_brachyurus",2.59171994336604,4.67622898905159
"Ilicura_militaris",1.088629198626,3.42890522839168
"Inezia_caudata",1.38551241352843,2.87595368210507
"Inezia_inornata",1.21085339315137,5.19247907660807
"Inezia_subflava",1.97069546171575,2.49256717028334
"Iodopleura_fusca",1.72484309346722,4.30032000672497
"Iodopleura_isabellae",1.57440000997228,2.23593353866542
"Iridophanes_pulcherrimus",1.6655362061717,2.38475192670615
"Iridosornis_analis",1.62829999774352,2.63122436737048
"Iridosornis_jelskii",1.62061288277962,4.12727987964272
"Iridosornis_porphyrocephalus",2.0674493504,5.24271647882406
"Iridosornis_reinhardti",1.66193081054278,4.64630726616326
"Iridosornis_rufivertex",2.24286239681143,2.42341925943821
"Ixobrychus_exilis",2.81698982304118,4.02503197862995
"Ixobrychus_involucris",1.16074353779096,1.49437558416951
"Jabiru_mycteria",0.576642478810572,1.65091346176757
"Jacana_jacana",2.24292102923718,2.45705920567856
"Jacana_spinosa",0.874218627354153,1.68072592641148
"Junco_phaeonotus",2.20919948447619,2.72748208115183
"Klais_guimeti",1.52467186896306,2.07321905384615
"Knipolegus_aterrimus",1.70828079301083,6.97928216967672
"Knipolegus_cyanirostris",1.23048493458323,2.83530642034164
"Knipolegus_franciscanus",1.52708012933771,7.73669842288419
"Knipolegus_lophotes",0.985568809401574,3.00809617428882
"Knipolegus_nigerrimus",1.06068132236284,3.40146857484563
"Knipolegus_poecilurus",1.68021596071593,1.78458923947095
"Knipolegus_signatus",1.70391597201976,4.7587345405113
"Knipolegus_striaticeps",1.58209575798006,4.17821364944667
"Lafresnaya_lafresnayi",1.67882559655727,1.61265708636003
"Lampornis_amethystinus",1.55643542920357,2.41963415116531
"Lampornis_calolaemus",2.48052055981147,40.9040493161485
"Lampornis_castaneoventris",2.45984543005926,1.89145079044557
"Lampornis_hemileucus",2.41131580802971,5.83223640528186
"Lampornis_sybillae",0.651958085130607,5.68228296463936
"Lampornis_viridipallens",1.12043356269599,2.88293912865365
"Lamprolaima_rhami",1.09194879631513,2.59463945633166
"Lampropsar_tanagrinus",1.50568494469963,2.51315452508176
"Lamprospiza_melanoleuca",1.3171597200834,2.45706706202648
"Laniisoma_elegans",1.10233669672306,11.5963527871807
"Lanio_aurantius",0.97208215428158,3.53459962537568
"Lanio_fulvus",2.04066659619174,3.18671552537227
"Lanio_leucothorax",2.28315778744306,5.86294949360801
"Lanio_versicolor",1.15337510211589,2.30842745900777
"Laniocera_hypopyrra",1.46891295509362,2.03860896202478
"Lanius_ludovicianus",2.45959749972245,2.46038524323797
"Larus_atlanticus",2.5913528287624,12.0988321280693
"Larus_fuliginosus",1.79320130944516,11.6340439494756
"Larus_maculipennis",1.09925997375393,2.22800441317206
"Larus_modestus",2.17767221134536,2.0559728577884
"Larus_serranus",2.28322632081125,2.88361968652574
"Laterallus_albigularis",2.18526222882618,1.52604503353227
"Laterallus_jamaicensis",1.38395596902959,5.55284663858544
"Laterallus_melanophaius",0.540465338520092,1.40354297174509
"Legatus_leucophaius",1.4750574896429,4.75985584912638
"Lepidocolaptes_affinis",1.02395581137607,2.29464476724049
"Lepidocolaptes_albolineatus",1.93285663277768,4.56339748532953
"Lepidocolaptes_angustirostris",0.827208452199434,1.80693833747862
"Lepidocolaptes_falcinellus",1.82287104951226,4.33859587305272
"Lepidocolaptes_lacrymiger",1.56043071440547,1.69324614480532
"Lepidocolaptes_leucogaster",2.52455168770987,4.62477224863942
"Lepidocolaptes_souleyetii",1.19807357238272,1.67011785758458
"Lepidocolaptes_squamatus",1.15531298099652,4.46374784131757
"Lepidothrix_coeruleocapilla",1.58307232508296,3.74492599128677
"Lepidothrix_coronata",2.60570165127736,14.9141065016937
"Lepidothrix_iris",1.72492028869308,2.88682959775551
"Lepidothrix_nattereri",0.800995888945275,3.99650349358093
"Lepidothrix_serena",1.98863853764045,7.04294723948114
"Lepidothrix_suavissima",1.76307311981842,2.48541864092968
"Leptasthenura_aegithaloides",2.13339840361048,2.15159755034945
"Leptasthenura_fuliginiceps",2.49699437994124,2.3816415991377
"Leptasthenura_pileata",2.70335647459202,10.9038392280842
"Leptasthenura_platensis",1.9452891115365,3.6154749726184
"Leptodon_cayanensis",0.870630183771913,1.43995298838985
"Leptopogon_amaurocephalus",NA,NA
"Leptotila_jamaicensis",0.925556774054682,6.79800704319189
"Leptotila_megalura",1.33655701994689,3.24917151996063
"Leptotila_plumbeiceps",1.84852815375874,39.23802265037
"Leptotila_rufaxilla",0.745905125011614,1.43309490960459
"Leptotila_verreauxi",0.56095427629444,1.26537301324814
"Lesbia_nuna",1.86447759380081,2.09460162901021
"Lesbia_victoriae",2.12004719011266,2.38508850303401
"Lessonia_oreas",3.12042620386947,2.21723533100428
"Leucopternis_kuhli",1.17929287790094,2.55529726961861
"Leucopternis_melanops",2.08624190817135,3.32485188315859
"Leucopternis_semiplumbeus",2.80033534724144,2.45603829936077
"Limnoctites_rectirostris",2.07577334992092,50.2679482804056
"Limnornis_curvirostris",2.25557882493481,9.17780150444478
"Liosceles_thoracicus",1.73818256826787,2.78744609770526
"Lipaugus_fuscocinereus",2.19951549391339,3.10243166864588
"Lipaugus_streptophorus",1.69850553352372,4.37516347111966
"Lipaugus_unirufus",2.25928385535546,5.79435113530365
"Lipaugus_vociferans",1.35167273871093,1.9270761124414
"Lochmias_nematura",0.856557889144218,1.6812848119798
"Lophonetta_specularioides",2.66779123229202,1.71104629882867
"Lophornis_chalybeus",1.38536059252802,4.09120493462861
"Lophornis_delattrei",1.68924240812256,7.72341081351606
"Lophornis_pavoninus",1.77664884742782,3.24183524827793
"Lophospingus_griseocristatus",1.65318739949044,3.57213469318329
"Lophospingus_pusillus",1.81222478553437,4.90938641620688
"Lophostrix_cristata",1.27976051315512,1.78810916118681
"Lophotriccus_galeatus",1.99371938065874,3.27526331563153
"Lophotriccus_pileatus",1.67832449924816,1.52542898372282
"Lophotriccus_vitiosus",2.0390911732612,3.48818911902972
"Loxia_megaplaga",0.940754068502079,15.9854622351404
"Loxigilla_noctis",2.22378020399471,8.87101341666139
"Loxipasser_anoxanthus",1.54547604554322,8.54977716042756
"Lurocalis_rufiventris",1.41953591090196,1.67610799168278
"Lurocalis_semitorquatus",1.02276782199581,1.45056272823793
"Machaeropterus_deliciosus",3.42495057032799,2.49540945632986
"Machaeropterus_pyrocephalus",0.872744559005301,2.20254587048828
"Machaeropterus_regulus",1.25132897049333,5.25594427247722
"Machetornis_rixosa",0.495859491375494,1.38169769828269
"Mackenziaena_leachii",1.41037095135611,3.41143305187051
"Mackenziaena_severa",1.09778864693745,3.61147407061751
"Macroagelaius_imthurni",1.7673313591542,4.10811511180406
"Malacoptila_semicincta",1.58758296319103,5.65101018974635
"Manacus_aurantiacus",2.0542301482972,4.8567726154511
"Manacus_candei",1.14493645416576,2.40558223256731
"Manacus_manacus",1.24292823733952,1.60365455878031
"Manacus_vitellinus",NA,NA
"Margarops_fuscatus",1.51150836116658,5.05266401822692
"Margarornis_rubiginosus",2.18038847532102,6.23148672239161
"Margarornis_squamiger",1.52721893337786,1.45226194663932
"Masius_chrysopterus",2.11761486401497,1.90894176026737
"Mecocerculus_calopterus",1.56318961265661,2.74453758232373
"Mecocerculus_leucophrys",1.15882323380681,1.29529176636151
"Mecocerculus_minor",1.88862231929695,2.54883093583721
"Mecocerculus_poecilocercus",1.6818128424834,1.60390021608592
"Megaceryle_alcyon",NA,NA
"Megaceryle_torquata",0.304134930486141,1.10340311307114
"Megascops_albogularis",1.68023111219368,1.77237561290815
"Megascops_atricapilla",1.10696939996814,3.91490042034095
"Megascops_choliba",2.49690519454104,17.9359375302511
"Megascops_guatemalae",1.18991222011667,2.21575778209367
"Megascops_hoyi",1.69403776475964,4.71392359285283
"Megascops_kennicottii",2.19938592993945,10.4236483560847
"Megascops_koepckeae",2.14744187744951,4.86347066720606
"Megascops_petersoni",1.92617821602599,4.23707839838078
"Megascops_roboratus",2.59724816269582,3.91090883851018
"Megascops_sanctaecatarinae",2.08884634552792,5.219887413217
"Megascops_trichopsis",1.5017770451312,3.47161681567347
"Megascops_watsonii",1.37895103402445,1.99516489284895
"Megastictus_margaritatus",1.92751500935564,2.51804944798464
"Megaxenops_parnaguae",1.17916661650827,10.5870567402405
"Melanerpes_aurifrons",0.986543322434998,2.0412652083602
"Melanerpes_cactorum",1.63790495913908,4.09988100143309
"Melanerpes_candidus",0.683329854562759,1.72969491488151
"Melanerpes_flavifrons",0.98710781254923,3.13844587586835
"Melanerpes_formicivorus",1.24253266491738,2.05789633535696
"Melanerpes_herminieri",2.12139653524708,8.19432192728276
"Melanerpes_pucherani",1.87387706138936,1.68913536517988
"Melanerpes_pygmaeus",1.12697966564583,10.7943498600449
"Melanerpes_striatus",NA,NA
"Melanodera_melanodera",3.54447926095833,19.154206681502
"Melanodera_xanthogramma",3.44330503354054,3.02199531081387
"Melanopareia_elegans",2.40759866899307,3.84382070456794
"Melanopareia_maximiliani",1.60204256835149,3.07722892692393
"Melanopareia_torquata",1.12350972862238,3.09332168856543
"Melanoptila_glabrirostris",1.03293300883071,9.09630384625013
"Melanotis_hypoleucus",1.12367786790177,3.2042331981586
"Melozone_biarcuata",1.17598988457804,2.7518000654491
"Melozone_leucotis",0.730872301162022,4.15835361342067
"Merganetta_armata",1.93422528816372,1.20987480982759
"Merulaxis_ater",1.18360419000464,3.5769611627632
"Metallura_aeneocauda",NA,NA
"Metallura_baroni",2.45587062856369,19.385443693375
"Metallura_eupogon",1.89158235934241,9.85616108914044
"Metallura_odomae",1.88785490626639,8.28046673835781
"Metallura_phoebe",2.98174398838345,8.3107762855909
"Metallura_theresiae",1.84466846033883,5.08975507030279
"Metallura_tyrianthina",1.62736363494392,1.72932184091832
"Metallura_williami",2.59964446151818,3.17864083033162
"Metopothrix_aurantiaca",2.01377492677959,3.06964846059662
"Metriopelia_aymara",3.05618201310897,1.99251428577611
"Metriopelia_ceciliae",2.81298569538704,3.16320430394485
"Metriopelia_melanoptera",2.51310420862335,1.36065418916504
"Metriopelia_morenoi",3.0285258798813,9.17721480815267
"Micrastur_gilvicollis",1.78932615501377,2.50123553076243
"Micrastur_semitorquatus",0.75359906058264,1.44709669924366
"Microbates_cinereiventris",NA,NA
"Microcerculus_marginatus",2.50092085300176,27.5660296019137
"Microchera_albocoronata",2.18363901065722,5.68827280836817
"Microligea_palustris",0.893789461850021,7.69943891132123
"Microrhopias_quixensis",1.29516709672934,2.28401057120458
"Microstilbon_burmeisteri",1.40240288327044,3.78065737601506
"Milvago_chimachima",0.661853620918411,1.32507885686554
"Mimus_dorsalis",2.75653404938494,3.92005845448173
"Mimus_gilvus",1.24064793020363,1.47604501095597
"Mimus_gundlachii",2.21468579212945,12.0508259448143
"Mimus_longicaudatus",2.16514832355078,2.86706202145865
"Mimus_parvulus",1.7677062487804,12.1683483585762
"Mimus_patagonicus",2.66669177737342,2.75993553971716
"Mimus_polyglottos",NA,NA
"Mimus_saturninus",0.783872107532248,1.76857878175527
"Mimus_thenca",2.90897201895207,3.33864667824098
"Mimus_triurus",1.43413058435291,2.16209218901005
"Mionectes_macconnelli",1.71414623886511,2.81125456151639
"Mionectes_olivaceus",2.03436407842691,2.63510497471247
"Mionectes_rufiventris",1.18472746126409,3.84402607806931
"Mionectes_striaticollis",1.5379675928924,1.51650268655527
"Mitrephanes_olivaceus",1.39873812791986,3.50574650649388
"Mitrephanes_phaeocercus",2.11317112597953,7.95995717247252
"Mitrospingus_cassinii",3.5042597348871,2.14586150970789
"Mitrospingus_oleagineus",1.70831287063417,4.60666333726692
"Mitu_salvini",2.65512248440775,5.64066346386898
"Mitu_tomentosum",2.21504146737889,3.05989893565274
"Molothrus_ater",NA,NA
"Molothrus_bonariensis",0.328706676948782,1.20267723683147
"Molothrus_oryzivorus",1.02655795900595,1.46408932449067
"Molothrus_rufoaxillaris",1.15165798568061,2.05281531253655
"Momotus_momota",1.14931919927924,1.76769097688446
"Morococcyx_erythropygus",1.76022818842783,2.20942274159825
"Morphnus_guianensis",0.841710209944734,1.49567349705684
"Muscigralla_brevicauda",2.09353741127258,2.8309206400469
"Muscisaxicola_albifrons",3.10581056164913,4.18897238982557
"Muscisaxicola_alpinus",2.39812243975971,2.80454933237363
"Muscisaxicola_cinereus",2.71699645547583,8.22359065228903
"Muscisaxicola_fluviatilis",1.12956113025359,3.14502703932327
"Muscisaxicola_juninensis",3.26244612030731,2.95854360623227
"Muscisaxicola_maclovianus",3.97488244646797,61.1358792842433
"Muscisaxicola_maculirostris",2.55828593869694,1.544964517595
"Muscisaxicola_rufivertex",3.05786454713075,1.58368112773261
"Myadestes_coloratus",2.57168687675984,3.60679179094797
"Myadestes_elisabeth",1.85050323248287,15.7486003282997
"Myadestes_genibarbis",0.993849852606755,4.43792477241899
"Myadestes_melanops",2.00487980715559,3.15346016554365
"Myadestes_occidentalis",2.12039340783381,2.75388752700922
"Myadestes_ralloides",1.39358590166051,1.65645444230799
"Myadestes_unicolor",0.674644415912757,2.64429579734405
"Myiarchus_cinerascens",2.47182653935257,3.84508667088274
"Myiarchus_crinitus",1.6849886589507,26.9020754540858
"Myiarchus_ferox",0.7842362027844,1.46999426450421
"Myiarchus_swainsoni",1.0212473307556,2.08242436580209
"Myiarchus_tuberculifer",3.13619169825117,14.4280769404253
"Myiarchus_tyrannulus",NA,NA
"Myiobius_barbatus",1.48729945445358,2.0677766267774
"Myiobius_villosus",1.73807906318089,1.95769461061748
"Myioborus_albifacies",2.56753191504279,16.3336648570547
"Myioborus_albifrons",1.95403594353911,7.64875066907821
"Myioborus_brunniceps",1.5982200748116,2.88436500286032
"Myioborus_castaneocapilla",2.08877516037835,4.13549909845829
"Myioborus_flavivertex",1.72410360068346,8.52967721008611
"Myioborus_melanocephalus",1.53183217881325,2.14925437946543
"Myioborus_ornatus",1.89191614550206,3.09729525216192
"Myioborus_torquatus",1.86344758381,0.921705013689871
"Myiopagis_caniceps",0.677401583604738,2.51697318059056
"Myiopagis_flavivertex",1.79661524461174,3.16853942333326
"Myiopagis_gaimardii",1.21309022589345,1.81573835666872
"Myiopagis_olallai",2.28122119770362,2.91683892757965
"Myiopagis_subplacens",2.70234111700121,4.09218309569268
"Myiopagis_viridicata",0.630880221734816,1.45223606742721
"Myiophobus_cryptoxanthus",2.19876431309732,5.17783886783828
"Myiophobus_fasciatus",0.471768758296756,1.35554877320183
"Myiophobus_flavicans",1.66359855827387,1.6719380272749
"Myiophobus_phoenicomitra",2.75811700422631,2.6811630905984
"Myiophobus_roraimae",1.77647304737974,2.7000137104528
"Myiopsitta_monachus",NA,NA
"Myiornis_auricularis",1.11157842515187,2.95351650173725
"Myiornis_ecaudatus",1.38825058977377,1.96496162753584
"Myiotheretes_fumigatus",1.8989124430904,1.92017516368799
"Myiotheretes_striaticollis",1.4574884618955,1.76243931236275
"Myiotriccus_ornatus",2.42481640179223,2.22870223733841
"Myiozetetes_luteiventris",1.70391220009265,2.50309403860362
"Myiozetetes_similis",0.962318736585794,1.5481906877356
"Myornis_senilis",2.07506055372921,2.37538383802062
"Myrmeciza_longipes",1.53762722271872,2.27059706960822
"Myrmia_micrura",3.14575862393348,5.04383391724486
"Myrmoborus_leucophrys",1.19406211971972,1.98084790449857
"Myrmochanes_hemileucus",1.96340059855795,3.19139473339411
"Myrmorchilus_strigilatus",1.17386071513573,2.9425756245986
"Myrmornis_torquata",1.81254897909152,2.63316659118913
"Myrmothera_campanisona",1.78695048707941,2.51913520245128
"Myrmothera_simplex",1.74857054311454,3.17115159523714
"Myrmotherula_ambigua",2.72120304900639,6.78003255809645
"Myrmotherula_assimilis",1.75641663419622,3.4867271225282
"Myrmotherula_behni",1.97596826126386,3.01554109359625
"Myrmotherula_brachyura",1.49583894764761,2.07121421997969
"Myrmotherula_cherriei",2.42248641821468,3.87564153599931
"Myrmotherula_grisea",1.16575512720394,5.1325631397963
"Myrmotherula_ignota",2.60957896899258,3.01685905079423
"Myrmotherula_iheringi",1.27048951433971,4.19466644055956
"Myrmotherula_longicauda",2.01482865508636,2.90669943802242
"Myrmotherula_longipennis",1.70973829317194,2.4533193061132
"Myrmotherula_menetriesii",1.54439268743061,2.1321097587002
"Myrmotherula_multostriata",1.31502296965513,2.13137752832682
"Myrmotherula_pacifica",3.03570093751378,1.6557633372854
"Myrmotherula_schisticolor",1.45630053158342,1.66164700055422
"Myrmotherula_sclateri",1.02316398081172,2.72873319414897
"Myrmotherula_surinamensis",1.8495591204448,3.08485132756558
"Myrtis_fanny",1.9614633979054,2.08945086131796
"Nannopsittaca_dachilleae",1.93539229371769,7.32546416553711
"Nannopsittaca_panychlora",1.75128148881291,3.68637215994441
"Nasica_longirostris",1.32045915755646,2.16616315921105
"Nemosia_pileata",0.67121985004984,1.85830060954446
"Neochen_jubata",1.13567640980824,1.67009641925787
"Neoctantes_niger",2.44593220882475,4.26690939872653
"Neomorphus_geoffroyi",0.873450446956837,3.81697809769888
"Neomorphus_pucheranii",2.34909917660308,6.47736280718086
"Neomorphus_radiolosus",3.05000183739009,4.19110133665548
"Neomorphus_rufipennis",1.81614949116668,2.56601919754633
"Neopelma_chrysocephalum",2.05428750049802,2.95434468036783
"Neopelma_pallescens",0.877937469841304,2.45457291243824
"Neopelma_sulphureiventer",1.48320783031907,4.23194807682458
"Neopipo_cinnamomea",1.73821135064576,2.58118041332844
"Neothraupis_fasciata",1.21223581963462,4.04216777575215
"Nephelornis_oneilli",2.03523389708091,15.2671737757343
"Nesoctites_micromegas",0.93992619548411,4.53327003973379
"Nesopsar_nigerrimus",1.67041261924021,25.5023257893986
"Nesospingus_speculiferus",1.43370310062321,21.4522042974042
"Netta_peposaca",1.46290284260178,1.41077524969724
"Nomonyx_dominicus",0.375083724105801,1.30687845005383
"Nonnula_rubecula",1.06014643324334,1.64651089870521
"Notharchus_macrorhynchos",1.82640775260101,4.70714311026341
"Nothocrax_urumutum",2.22144022168186,2.81556250179916
"Nothoprocta_cinerascens",1.95070580928997,3.98573667063139
"Nothoprocta_perdicaria",2.80787659866039,4.1140459545953
"Nothura_darwinii",2.16532454563533,2.67725752636343
"Nothura_maculosa",1.00590446434995,1.62555787579186
"Nyctibius_aethereus",1.39973200909858,1.86600970658291
"Nyctibius_jamaicensis",NA,NA
"Nyctibius_leucopterus",1.6291786910448,2.95144435218386
"Nyctibius_maculosus",1.36706708038343,1.6726027992804
"Nyctiphrynus_mcleodii",2.520286191349,5.3290763822175
"Nyctiphrynus_ocellatus",0.72641759901474,1.63022256317716
"Nyctiphrynus_rosenbergi",4.78118908861522,3.50687729316393
"Nyctiphrynus_yucatanicus",1.04750926997181,10.8816301593008
"Nyctiprogne_leucopyga",1.29979657142065,2.04444350614622
"Nystalus_maculatus",1.05090125666579,2.0775920057883
"Ochetorhynchus_andaecola",3.4002033057965,2.91079954086819
"Ochetorhynchus_phoenicurus",3.29402097889579,11.8389725754768
"Ochetorhynchus_ruficaudus",2.98704730617296,2.16630970106201
"Ochthoeca_cinnamomeiventris",2.13539895579703,2.19072347819562
"Ochthoeca_oenanthoides",2.86229108265984,2.55230293978392
"Ochthoeca_thoracica",1.54363942530774,3.08444417190245
"Ochthornis_littoralis",1.68717704215478,2.26813882509258
"Ocreatus_underwoodii",1.50599291026031,1.70280729341408
"Odontorchilus_cinereus",0.775204039342609,3.34359201523762
"Oncostoma_cinereigulare",NA,NA
"Onychorhynchus_coronatus",1.56616105365411,2.22230536031599
"Onychorhynchus_occidentalis",2.65852681993492,11.0995670304784
"Opisthocomus_hoazin",1.31682817931069,1.94707026070799
"Opisthoprora_euryptera",2.21563978022469,3.62088361568747
"Oreonympha_nobilis",2.83701555922197,8.41340883947049
"Oreophasis_derbianus",NA,NA
"Oreopholus_ruficollis",NA,NA
"Oreopsar_bolivianus",2.09054282149574,5.78866577301332
"Oreotrochilus_chimborazo",2.48646624594439,3.03995614621001
"Oreotrochilus_estella",3.26708039127282,2.68350703171678
"Oreotrochilus_leucopleurus",2.84319021318653,2.22483449313511
"Oreotrochilus_melanogaster",2.574146057101,12.0997783687784
"Oriturus_superciliosus",2.75104781545072,3.88718022522996
"Ornithion_brunneicapillus",1.29779359089538,3.06264343415668
"Ornithion_inerme",1.41163599187929,1.98678737250268
"Ortalis_canicollis",1.4496033288985,4.2276972712595
"Ortalis_cinereiceps",2.14937522835891,2.30598698934367
"Ortalis_garrula",1.69724014013557,3.16986029135156
"Ortalis_guttata",1.30182857559212,2.03508841344574
"Ortalis_leucogastra",1.59687107095269,4.09829325439149
"Ortalis_motmot",1.90097882689558,3.2457145843435
"Ortalis_ruficauda",NA,NA
"Ortalis_vetula",0.888423948411439,2.35886023184067
"Orthorhyncus_cristatus",2.21460503291724,7.99951652772098
"Oxypogon_guerinii",2.01415445944887,3.77280520548814
"Oxyruncus_cristatus",0.687774847115217,1.7327644576038
"Oxyura_vittata",1.52632548366727,3.77120982493298
"Pachyramphus_aglaiae",NA,NA
"Pachyramphus_albogriseus",2.1207617153263,3.54375857812113
"Pachyramphus_castaneus",0.994524785635768,1.64633181039438
"Pachyramphus_cinnamomeus",2.15115409840354,2.31092008647587
"Pachyramphus_homochrous",NA,NA
"Pachyramphus_marginatus",1.42554231369622,2.01417667321191
"Pachyramphus_minor",1.35337323284176,1.92859698491015
"Pachyramphus_polychopterus",0.631250221839391,1.32381846662152
"Pachyramphus_rufus",1.64872578083745,2.55753849345707
"Pachyramphus_spodiurus",2.51065722585007,3.42166026904022
"Pachyramphus_surinamus",1.95929589386122,6.4483605129558
"Pachyramphus_validus",0.659602096251303,1.64417092414424
"Pachyramphus_versicolor",2.41517964593199,8.25802911755357
"Pachyramphus_viridis",0.77773558658441,2.26776590781206
"Pachyramphus_xanthogenys",1.6734123173937,2.66822252202363
"Panterpe_insignis",2.23371925009624,5.25182967364942
"Pardirallus_sanguinolentus",1.70315165387447,1.28784695742432
"Parkerthraustes_humeralis",1.16107584023433,2.39286266854446
"Paroaria_baeri",1.39355461202348,9.59902846318654
"Paroaria_capitata",1.41316788741265,3.7659780412284
"Paroaria_coronata",1.47817059952563,3.13437043225753
"Paroaria_dominicana",1.4370888115366,3.40340042789869
"Paroaria_gularis",1.29720511031137,2.09963096169657
"Passerina_leclancherii",2.42704555782558,6.57158656618943
"Passerina_rositae",1.68525522005799,10.2300667589864
"Passerina_versicolor",2.73191479508704,4.54512739535741
"Patagioenas_araucana",3.01187518687139,2.82485266449602
"Patagioenas_cayennensis",0.709719124659852,1.3002598004101
"Patagioenas_fasciata",1.99886885443096,2.63808532963388
"Patagioenas_flavirostris",NA,NA
"Patagioenas_leucocephala",1.1611671977163,3.02524403809577
"Patagioenas_maculosa",1.50660568075845,2.03545150302886
"Patagioenas_oenops",1.73778864763267,7.70694588846286
"Patagioenas_picazuro",0.904223756377874,2.1631793434699
"Patagioenas_plumbea",1.17646088175382,1.57766534393842
"Patagioenas_squamosa",1.12303900372022,3.89959098484572
"Patagioenas_subvinacea",1.34215880627043,1.62305975322488
"Patagona_gigas",2.948878198614,3.55916472448106
"Pauxi_pauxi",1.41946651078927,2.867935267776
"Pauxi_unicornis",2.06891704108182,15.8888411810042
"Penelope_argyrotis",1.31856248995703,2.3129386657281
"Penelope_jacquacu",1.47263053779908,1.92747887967658
"Penelope_montagnii",1.46952501648975,1.77227052418617
"Penelope_obscura",1.52942359453272,2.63467067051957
"Penelope_ochrogaster",1.25195627450494,3.8133373187658
"Penelope_purpurascens",1.00557282524187,1.27705772086202
"Penelope_superciliaris",0.644802363732374,2.00379279794539
"Penelopina_nigra",1.03724118367771,3.24566478162431
"Percnostola_rufifrons",2.02534623186422,4.70458074780515
"Perissocephalus_tricolor",1.92107645972274,3.53452581683149
"Petrochelidon_fulva",0.880967818344342,3.65918199104976
"Petrochelidon_rufocollaris",2.6050840476228,3.54059065725216
"Pezopetes_capitalis",NA,NA
"Phacellodomus_erythrophthalmus",0.836135052896518,4.60316472704969
"Phacellodomus_maculipectus",1.97278213252317,3.27137084354709
"Phacellodomus_ruber",1.05426468755331,3.31117301578403
"Phacellodomus_rufifrons",0.875666155869251,2.42663785319438
"Phacellodomus_striaticeps",2.67229018789717,3.08971308434696
"Phacellodomus_striaticollis",1.84403763787213,4.68403800026602
"Phaenicophilus_palmarum",0.941369643702978,4.703566487712
"Phaenicophilus_poliocephalus",1.01255637288845,10.1536975682316
"Phaenostictus_mcleannani",2.66295701808947,2.56551895933744
"Phaeomyias_murina",0.741567980542181,1.61177227474925
"Phaethornis_atrimentalis",2.24537917145415,2.86492001066007
"Phaethornis_augusti",1.29820008039151,2.51911312247645
"Phaethornis_bourcieri",2.01456652369399,2.84961451582324
"Phaethornis_eurynome",1.18216120353544,3.24867221929609
"Phaethornis_griseogularis",2.12689698463985,2.2184650618344
"Phaethornis_guy",1.64096793344019,1.84790435975382
"Phaethornis_hispidus",1.4356217463217,1.89676239381304
"Phaethornis_koepckeae",1.71849898252779,3.74365107966238
"Phaethornis_longirostris",1.36909748084233,1.74664001804981
"Phaethornis_longuemareus",1.71826625017055,5.9901487709868
"Phaethornis_malaris",0.824505834878094,34.5165403504456
"Phaethornis_philippii",1.40970358761733,3.44519596820521
"Phaethornis_pretrei",0.952338180222921,2.65829421606576
"Phaethornis_ruber",0.91083877474971,1.7962350556801
"Phaethornis_striigularis",NA,NA
"Phaethornis_subochraceus",1.28221470447021,8.11986337264517
"Phaethornis_superciliosus",1.87376132138917,2.93683481340262
"Phaethornis_syrmatophorus",2.35517539461223,2.10274337883313
"Phaethornis_yaruqui",4.02242855853568,2.22547432150773
"Phaetusa_simplex",3.11152315812786,27.2308224534847
"Phainoptila_melanoxantha",1.58056696514112,1.12068650420332
"Phalcoboenus_australis",3.95737099695562,22.0129179236926
"Phalcoboenus_megalopterus",2.87093070660374,1.84344269282338
"Pharomachrus_antisianus",1.46551709803698,1.56161437013605
"Pharomachrus_auriceps",NA,NA
"Pharomachrus_fulgidus",1.1898214871249,5.23464200719169
"Pharomachrus_mocinno",0.821410522879436,2.36841932287064
"Pharomachrus_pavoninus",1.82858482780602,2.3855831618765
"Phegornis_mitchellii",3.10851241410655,2.17462391787611
"Pheucticus_aureoventris",1.33412132255197,1.77153949900931
"Philydor_atricapillus",1.02340458973489,3.13935607360568
"Philydor_pyrrhodes",1.58957336805715,2.27043698702994
"Phimosus_infuscatus",0.605428842562004,1.55190920332541
"Phlegopsis_erythroptera",2.16795367417262,3.56489804089895
"Phlegopsis_nigromaculata",1.25972448787094,2.13148465715764
"Phleocryptes_melanops",1.74454845736415,6.83933108965241
"Phlogophilus_hemileucurus",2.44201442838825,5.10782104078001
"Phoenicircus_nigricollis",1.89812544908942,2.90607733022135
"Phoenicoparrus_andinus",4.02698221724984,4.28911540709383
"Phoenicoparrus_jamesi",4.69582488304173,14.6375638982253
"Phoenicopterus_chilensis",2.18789673634779,1.40055352826872
"Phoenicopterus_ruber",NA,NA
"Phrygilus_atriceps",3.45242802142685,2.7600919181281
"Phrygilus_gayi",2.63847370772656,9.96724811722089
"Phrygilus_patagonicus",3.23996515121843,7.72943467591073
"Phyllomyias_burmeisteri",1.1432174398124,2.0997660099174
"Phyllomyias_fasciatus",0.670321500974487,2.35117697376656
"Phyllomyias_griseiceps",1.43357011888924,1.95141307258561
"Phyllomyias_plumbeiceps",1.75101585811978,2.42688177165884
"Phyllomyias_sclateri",1.3611816043962,3.13260908216771
"Phyllomyias_uropygialis",1.39386298190089,1.69296613949761
"Phyllomyias_virescens",1.30712206250823,3.6550348673584
"Phylloscartes_nigrifrons",1.98543118892279,3.62542403805448
"Phylloscartes_oustaleti",1.52307604290842,4.69756632754482
"Phylloscartes_superciliaris",1.70766354165002,2.44575110158522
"Phylloscartes_sylviolus",NA,NA
"Phylloscartes_ventralis",1.2618141338727,2.00642439141908
"Phytotoma_rara",NA,NA
"Phytotoma_rutila",NA,NA
"Piaya_cayana",0.701665601133742,1.31001466362338
"Piaya_melanogaster",1.65960907332938,2.20407336156335
"Piculus_chrysochloros",0.960649386885433,1.52592332415492
"Piculus_flavigula",1.34174998111906,1.97004230650616
"Piculus_leucolaemus",1.65947878567005,2.5182664704269
"Picumnus_aurifrons",1.04144041275756,2.4002129870655
"Picumnus_cirratus",0.884553199201685,1.88538627999914
"Picumnus_exilis",1.97803221271911,37.1697912754569
"Picumnus_nebulosus",2.07647262221626,4.86264853285601
"Picumnus_rufiventris",1.86427702925752,3.5999823574374
"Picumnus_spilogaster",1.93635101268513,10.8994213694477
"Picumnus_temminckii",1.68428941690955,4.37128617987264
"Pionites_leucogaster",1.15440520792902,2.46223088394558
"Pionites_melanocephalus",2.0670237563402,2.37417454314066
"Pionopsitta_pileata",1.54195825771942,3.16744026443334
"Pionus_chalcopterus",2.13310560494978,2.08994755194065
"Pionus_fuscus",1.97322709884887,3.57725947351573
"Pionus_maximiliani",0.76858686985454,2.35771295930729
"Pionus_senilis",0.975879835663324,1.92180802320641
"Pionus_sordidus",1.36097357042494,19.6689508633341
"Pionus_tumultuosus",1.35492909050465,3.12809147323298
"Pipile_cujubi",0.841617881206437,2.55158819754476
"Pipile_cumanensis",1.8893242389293,2.03349310703312
"Pipile_jacutinga",1.05029312796376,3.27795271048553
"Pipilo_maculatus",2.0273867504647,36.6361945841708
"Pipilo_ocai",2.2300388201782,4.56163527199466
"Pipra_aureola",1.94859733650086,3.61595639668751
"Pipra_fasciicauda",0.822466244869511,1.70954066300728
"Pipra_filicauda",2.14179465581735,2.76212928797686
"Pipraeidea_melanonota",0.827499940144625,1.3811445110951
"Pipreola_arcuata",1.59627580477674,1.79125675868337
"Pipreola_chlorolepidota",2.14060000615054,3.15205826113341
"Pipreola_frontalis",1.35883532298001,3.17650183590258
"Pipreola_intermedia",1.49537513132051,3.68518082636143
"Pipreola_pulchra",1.46888285534545,4.05443401886647
"Pipreola_whitelyi",1.73494590634958,4.65432372526397
"Piprites_chloris",1.37652588186158,1.74752850861496
"Piprites_pileata",1.61443600217279,4.88737464505991
"Piranga_erythrocephala",2.49420967614434,4.96485322331953
"Piranga_flava",0.8794022613313,1.85200825526504
"Piranga_leucoptera",0.851588699586083,1.6196273704393
"Piranga_roseogularis",1.00305712206041,11.8213663899931
"Piranga_rubriceps",2.16157401074969,2.67358819221734
"Pitangus_sulphuratus",0.413688842772799,1.26397115682635
"Pithys_albifrons",2.02873548266632,2.74466111545707
"Pittasoma_michleri",2.58505176301452,3.089272775268
"Pittasoma_rufopileatum",4.99910719283819,3.14480195292128
"Platalea_ajaja",1.1127625235587,1.47160183827336
"Platyrinchus_coronatus",1.61979095818519,2.3389124244112
"Platyrinchus_leucoryphus",1.26636495311871,4.58866426166057
"Platyrinchus_mystaceus",NA,NA
"Platyrinchus_platyrhynchos",1.59404272777147,2.25121222833213
"Platyrinchus_saturatus",1.88601903011894,2.75536897196891
"Platyspiza_crassirostris",NA,NA
"Plegadis_chihi",2.8859965641127,7.17589402078019
"Plegadis_ridgwayi",3.11025244925718,3.13986690621927
"Podiceps_major",2.01509634747743,1.56891011692998
"Poecilotriccus_albifacies",2.56530275635977,77.4034936447876
"Poecilotriccus_capitalis",2.34063868637327,2.8047617955324
"Poecilotriccus_latirostris",1.13852958540023,1.98342752241232
"Poecilotriccus_plumbeiceps",1.07932482185997,1.99745563199612
"Poecilotriccus_ruficeps",2.12492994658707,2.07519997115817
"Poecilotriccus_russatus",1.88641154696974,5.96758626205071
"Poecilotriccus_sylvia",NA,NA
"Polioptila_albiloris",1.70556025103388,2.37169072272597
"Polioptila_caerulea",1.4553640942927,2.06391323951611
"Polioptila_dumicola",1.0048635918099,2.02688449634782
"Polioptila_plumbea",1.25056488073028,1.61712133697926
"Polioxolmis_rufipennis",2.70333080580398,3.46429906089738
"Polyonymus_caroli",2.70360959219702,5.94311840839331
"Polystictus_pectoralis",0.745212131615803,1.72915808984119
"Polystictus_superciliaris",1.35944444238193,5.28929035401426
"Polytmus_guainumbi",0.714233824223391,1.69951023704264
"Polytmus_theresiae",1.97409175363356,3.28058535682545
"Poospiza_boliviana",1.83375968385035,4.03127098580246
"Poospiza_hispaniolensis",2.57816346666406,3.15119136983839
"Poospiza_ornata",2.55801414222849,5.44190071286462
"Poospiza_whitii",1.86116209975267,3.01686723347147
"Porphyrio_flavirostris",0.852814133735651,1.75329555354729
"Porphyrolaema_porphyrolaema",1.8122320384351,2.90872751313358
"Porphyrospiza_caerulescens",1.32471942673975,3.77291686934199
"Premnoplex_brunnescens",1.50287903630035,1.73055550042091
"Premnoplex_tatei",1.29350059994418,15.9728794854373
"Primolius_auricollis",1.09237207077054,3.66830142590345
"Primolius_couloni",1.47941561134377,3.82308437115619
"Primolius_maracana",1.37782613450952,13.5275816616226
"Priotelus_temnurus",NA,NA
"Procnias_albus",1.61439238686292,3.88573823431354
"Procnias_nudicollis",1.05719760188097,2.7332538346703
"Progne_chalybea",1.43928180952879,2.68094289204082
"Progne_modesta",1.76432804884934,17.4625132630899
"Progne_murphyi",2.29482897354831,5.10064429958412
"Progne_tapera",1.28405257004614,1.69042828613988
"Psaltriparus_minimus",2.20272047312155,2.60924380768764
"Psarocolius_angustifrons",1.94481725991404,2.25879712356826
"Psarocolius_atrovirens",1.1935323212737,3.16082007275875
"Psarocolius_bifasciatus",2.86447811234996,12.3195537512684
"Psarocolius_decumanus",0.955975404723417,1.51785564144693
"Psarocolius_montezuma",0.889903950126033,1.97325197068479
"Psarocolius_viridis",1.81144167088126,2.59617633875591
"Psarocolius_wagleri",NA,NA
"Pselliophorus_luteoviridis",2.17653508232504,16.3229864441828
"Pselliophorus_tibialis",2.76488153737929,8.72262958725998
"Pseudelaenia_leucospodia",3.27657977044124,7.02378123897121
"Pseudocolaptes_lawrencii",2.11364785390216,5.88649031703224
"Pseudocolopteryx_acutipennis",1.58942558903469,1.73977710320444
"Pseudocolopteryx_flaviventris",1.53742237828529,6.49401639229598
"Pseudocolopteryx_sclateri",1.37979215303898,2.51914509247611
"Pseudoleistes_guirahuro",1.08720499593096,3.09650887512225
"Pseudoleistes_virescens",1.95029951599949,5.43253989693585
"Pseudoseisura_lophotes",1.82185495450867,3.60309226013253
"Pseudotriccus_ruficeps",1.56247012318632,1.87036298680456
"Pseudotriccus_simplex",1.25548040398898,4.3603874498654
"Psilopsiagon_aurifrons",2.88332129911181,1.77052988194666
"Psilopsiagon_aymara",2.07600204933318,1.96042163221424
"Psilorhamphus_guttatus",1.28235279413211,3.7159510349478
"Psophia_crepitans",2.07482680402874,3.38928388794453
"Psophia_leucoptera",1.68449829246385,3.41767828909826
"Psophia_viridis",0.725984224193117,4.7678351862491
"Pterodroma_externa",3.13157211911852,2.16578722364059
"Pterodroma_phaeopygia",1.45207631011223,1.77273573026422
"Pteroglossus_aracari",1.15033469153654,1.94174966959951
"Pteroglossus_azara",2.42317572721644,2.89026002444478
"Pteroglossus_bailloni",1.11722299105175,3.39539523780082
"Pteroglossus_bitorquatus",1.98199527109352,3.59520851696582
"Pteroglossus_castanotis",1.08333592019353,1.7661048700382
"Pteroglossus_frantzii",2.04281510488445,4.97750210701059
"Pteroglossus_inscriptus",0.887349392504332,2.31676287071944
"Pteroglossus_pluricinctus",2.5150667883718,3.09483415062248
"Pteroglossus_torquatus",0.945906827866166,1.52608309152743
"Pteroglossus_viridis",1.85821155228936,3.37178423693729
"Pterophanes_cyanopterus",1.77264342355857,2.02809163329748
"Pteroptochos_castaneus",3.28473940739327,9.77097702867337
"Pteroptochos_megapodius",3.06129804689188,4.53984581090227
"Pteroptochos_tarnii",3.36408892663481,3.11318795098738
"Pulsatrix_koeniswaldiana",1.17636694923449,3.82349758912357
"Pygarrhichas_albogularis",3.19485480434254,2.48913811579007
"Pygiptila_stellaris",1.6374871198121,2.23044664646482
"Pygochelidon_cyanoleuca",0.538170167798032,1.23466116327597
"Pyriglena_leuconota",0.803629866506446,1.55777136716603
"Pyriglena_leucoptera",1.00705339366612,2.98955754188809
"Pyrilia_barrabandi",1.67748987657459,2.11474426749162
"Pyrilia_caica",1.84035648803526,3.86161334004193
"Pyrilia_haematotis",2.52770841362985,42.5679927796025
"Pyrilia_pulchra",4.39669939474359,2.66511754019092
"Pyrilia_pyrilia",2.01854380672524,3.66227995551481
"Pyrilia_vulturina",2.06413944994983,5.29699218285591
"Pyroderus_scutatus",0.815850612706324,1.62265524879271
"Pyrrhomyias_cinnamomeus",1.09317437337731,1.53964514612413
"Pyrrhura_albipectus",1.93508112603245,17.2895379750124
"Pyrrhura_cruentata",0.848535675792601,10.9835889438212
"Pyrrhura_frontalis",0.92235860605372,2.43436322899072
"Pyrrhura_hoffmanni",2.32217197828106,6.04998827682755
"Pyrrhura_lepida",2.28087787036076,5.83689889700352
"Pyrrhura_leucotis",0.804008047287456,4.66265583967571
"Pyrrhura_melanura",2.51461905606106,2.75468951943081
"Pyrrhura_molinae",1.13805441719884,3.54560604094424
"Pyrrhura_perlata",0.757925896469035,3.52736014888778
"Pyrrhura_pfrimeri",1.36095340413697,34.3770750879958
"Pyrrhura_picta",1.8384078422241,3.37222461533941
"Pyrrhura_rhodocephala",1.94195602004332,12.1065706546377
"Pyrrhura_rupicola",1.44097435298274,4.97945600771859
"Querula_purpurata",1.35695824750172,1.8065161490463
"Quiscalus_lugubris",2.44036404523887,23.2683723260537
"Quiscalus_nicaraguensis",1.7993096901313,15.348368576233
"Rallus_elegans",1.41264625044146,4.53070077627651
"Rallus_limicola",2.15706434748945,2.62827276447109
"Rallus_longirostris",1.5880479570965,2.30934729530181
"Ramphastos_ambiguus",2.12473389495213,1.4255555794948
"Ramphastos_brevis",4.26394378840712,2.32005703954807
"Ramphastos_dicolorus",1.15135189813738,3.82513752271014
"Ramphastos_toco",0.713842402353334,1.77904902500661
"Ramphastos_tucanus",1.79831361064411,2.7374170362545
"Ramphastos_vitellinus",1.86659181480425,3.37265978907767
"Ramphocaenus_melanurus",1.22407045483205,1.59123118505466
"Ramphocelus_bresilius",0.928896226237466,3.02188290957819
"Ramphocelus_carbo",0.91171161982781,1.64319551822813
"Ramphocelus_costaricensis",2.08171284471638,5.4710066933849
"Ramphocelus_dimidiatus",2.01445499946678,1.91945111416532
"Ramphocelus_flammigerus",2.32226519842923,5.04452060461142
"Ramphocelus_icteronotus",2.61564698830098,1.68310983001646
"Ramphocelus_melanogaster",1.66327077312742,4.17345927947598
"Ramphocelus_nigrogularis",1.81105439485382,3.06426979100065
"Ramphocelus_passerinii",1.42980927634696,3.17437577384621
"Ramphocelus_sanguinolentus",1.2823983313916,2.46119818326886
"Ramphodon_naevius",1.56532218225509,4.19216547192175
"Ramphomicron_microrhynchum",1.82155386424729,1.73034704568486
"Ramphotrigon_fuscicauda",1.5356218219631,3.82393414660827
"Ramphotrigon_megacephalum",0.964285825138725,1.64403070689515
"Ramphotrigon_ruficauda",1.38651056491773,2.06039820292501
"Recurvirostra_americana",1.43563525569355,2.98160023484991
"Recurvirostra_andina",3.25601215283257,2.70517775224788
"Regulus_satrapa",1.98289759450562,12.9094120804127
"Rhea_americana",0.893971277665368,2.00597588106628
"Rhea_pennata",3.36698215901228,10.536147198155
"Rhegmatorhina_gymnops",1.91128200460827,8.49882369605946
"Rhegmatorhina_hoffmannsi",0.733898590273227,5.07392910815312
"Rhegmatorhina_melanosticta",1.90427403410984,3.14158583486111
"Rhinocrypta_lanceolata",2.14181320130261,3.73648581236862
"Rhodinocichla_rosea",1.18042343599816,1.71790597594211
"Rhodopis_vesper",2.15944369852617,3.35817799342865
"Rhodospingus_cruentus",2.7105333605311,5.15017469766454
"Rhopornis_ardesiacus",NA,NA
"Rhynchocyclus_brevirostris",2.48658112993951,5.68228366920543
"Rhynchocyclus_fulvipectus",1.457844787324,2.28579930666836
"Rhynchocyclus_olivaceus",1.73725601905104,2.70603377285768
"Rhynchotus_rufescens",0.80825643848538,2.10944596163534
"Rhytipterna_simplex",1.3309416540722,1.90307746041576
"Rollandia_rolland",1.70329227391673,1.307014883099
"Roraimia_adusta",1.73993435218897,3.9757598290549
"Rostrhamus_sociabilis",1.81111920623388,4.69314111587527
"Rupicola_peruvianus",1.77978796748478,1.93577998073645
"Rupicola_rupicola",1.98227090712102,3.18193119514739
"Sakesphorus_canadensis",1.67210316353636,2.47528693295651
"Sakesphorus_cristatus",1.34402098521243,3.41393970195176
"Sakesphorus_luctuosus",1.46456365389318,2.52981818501038
"Salpinctes_obsoletus",2.18247371697551,2.80931104569802
"Saltator_albicollis",2.23193006805114,9.67220889658412
"Saltator_atriceps",2.01768446249376,6.59244474205205
"Saltator_atricollis",1.0407552302778,2.85245316706475
"Saltator_atripennis",2.56422314727818,2.28838175859523
"Saltator_aurantiirostris",1.58678307057724,1.9890398505428
"Saltator_coerulescens",0.61900966145999,1.56382001461809
"Saltator_grossus",1.60065148421519,2.19696952572435
"Saltator_maximus",1.15775909110567,1.62720980420696
"Saltator_nigriceps",2.29606727857293,3.87277220000258
"Saltator_similis",0.900266466383895,2.75100356235007
"Saltator_striatipectus",1.15384391438742,1.51468336301142
"Sapayoa_aenigma",NA,NA
"Sarcoramphus_papa",2.13938042193279,3.25914034066827
"Satrapa_icterophrys",0.804238086731321,1.79430674586857
"Scelorchilus_rubecula",3.29653193927896,3.57633087386865
"Schiffornis_major",1.82139015437106,2.63923278755193
"Schiffornis_turdina",1.27018191136387,1.93285946723556
"Schiffornis_virescens",1.00381357348937,3.07738853562125
"Schistes_geoffroyi",1.36575863459008,1.92992968385461
"Schistochlamys_melanopis",0.738586866206379,1.72574567428318
"Schistochlamys_ruficapillus",0.899167424665175,2.64287219829435
"Schoeniophylax_phryganophilus",1.13188531427058,2.46442660097427
"Sclateria_naevia",2.04992730637086,4.4973596348822
"Sclerurus_guatemalensis",1.64778546819974,1.66882753322043
"Sclerurus_scansor",0.960269605514342,3.10610481304777
"Scytalopus_affinis",2.41088669859887,14.1848594550852
"Scytalopus_argentifrons",2.21897528466802,4.88734840158601
"Scytalopus_atratus",1.94070835533433,2.08350710872412
"Scytalopus_canus",3.20331739352684,44.7489197639212
"Scytalopus_femoralis",1.70600235448165,5.20060466693192
"Scytalopus_fuscus",3.06050201287308,4.62169415206702
"Scytalopus_griseicollis",1.82241842990104,3.77098005762408
"Scytalopus_iraiensis",2.08051870794503,9.36331789818291
"Scytalopus_latebricola",2.05303600190228,21.0843248484866
"Scytalopus_latrans",2.03821295061492,1.82866299102948
"Scytalopus_magellanicus",3.28379575576262,2.7972997727713
"Scytalopus_micropterus",2.12311677060105,3.30049836963335
"Scytalopus_novacapitalis",1.50934314460047,8.8041364209082
"Scytalopus_parvirostris",1.47843239235661,3.22923574863261
"Scytalopus_schulenbergi",1.64936358022507,4.22652474379648
"Scytalopus_speluncae",1.51883740821085,4.32211541594033
"Scytalopus_spillmanni",1.92821517036201,3.15220801752612
"Scytalopus_superciliaris",2.33924489945303,6.29043179970783
"Scytalopus_unicolor",2.4511990001824,42.2585607511198
"Scytalopus_vicinior",3.17397955644085,3.29413624817119
"Scytalopus_zimmeri",2.24286401991248,5.78911699391714
"Selasphorus_flammula",NA,NA
"Selenidera_gouldii",1.11368262377223,2.53044619110125
"Selenidera_maculirostris",1.05060154274812,3.09033675430497
"Selenidera_piperivora",1.85397964056097,4.5673911709147
"Selenidera_reinwardtii",2.66189248465936,4.73656896049104
"Selenidera_spectabilis",2.47895696537566,2.85078729494044
"Semnornis_frantzii",2.2603406538875,4.98616260957039
"Semnornis_ramphastinus",2.37071037211885,2.54537604832997
"Sephanoides_sephaniodes",2.98761309604301,3.21023173207159
"Sericossypha_albocristata",1.97847300964208,2.59394251964951
"Serpophaga_cinerea",1.99429265629317,3.08865334375111
"Serpophaga_hypoleuca",1.61547489075658,2.4397705101886
"Serpophaga_nigricans",1.27542519864055,2.2597861400703
"Serpophaga_subcristata",2.81448323632892,4.19391579163379
"Sicalis_flaveola",1.564874894783,7.56442998124088
"Sicalis_lutea",3.44644054670868,3.50418513220585
"Sicalis_luteocephala",2.21492298704232,4.38319352044515
"Sicalis_luteola",1.18837084848263,1.15681508105157
"Sicalis_olivascens",2.88834231915769,2.13005152453892
"Siphonorhis_brewsteri",1.12293799124573,21.1847785376429
"Siptornis_striaticollis",2.27054609548435,5.09597796200868
"Sirystes_sibilator",0.51209626115665,1.9107030221746
"Sitta_pusilla",1.79565508811116,45.2890441007459
"Sittasomus_griseicapillus",0.654439346142907,1.405131204858
"Snowornis_cryptolophus",2.135890285209,2.70246749031303
"Snowornis_subalaris",2.05479280796439,3.81050312686797
"Spartonoica_maluroides",NA,NA
"Spindalis_dominicensis",0.93992619548411,4.53327003973379
"Spindalis_zena",NA,NA
"Spizaetus_isidori",1.23957687557956,1.67483193880902
"Spizaetus_melanoleucus",0.867418467929294,1.4162027996282
"Spizaetus_ornatus",2.26617651439168,27.8171375311683
"Spizaetus_tyrannus",1.16475942013109,1.62802537145636
"Spizella_atrogularis",2.74388586198325,4.23334544265302
"Spiziapteryx_circumcincta",1.87120606037419,4.17059455379476
"Sporophila_americana",1.9323960966158,3.55608238551082
"Sporophila_bouvreuil",0.905530917283621,2.40332486671256
"Sporophila_caerulescens",0.99946085968659,2.51364060716441
"Sporophila_castaneiventris",1.71084010657945,2.58304178564038
"Sporophila_collaris",1.06549520563991,2.64851697918052
"Sporophila_corvina",1.21192328363431,2.45935059458611
"Sporophila_hypoxantha",1.22485632110687,3.24515621285128
"Sporophila_intermedia",1.52885906886205,2.17854651541208
"Sporophila_leucoptera",0.803019389955945,2.19884246544048
"Sporophila_luctuosa",1.39131319324644,6.31725129311739
"Sporophila_minuta",2.19907819246097,4.16586298676099
"Sporophila_nigricollis",NA,NA
"Sporophila_nigrorufa",NA,NA
"Sporophila_plumbea",0.65072074752416,1.62487222927946
"Sporophila_schistacea",1.16869127772206,1.89019134856353
"Sporophila_telasco",1.56870179871129,1.63518359732194
"Stelgidopteryx_ruficollis",0.856663595933139,1.42292471632807
"Stephanophorus_diadematus",1.72179974548013,3.40197890173468
"Stephanoxis_lalandi",1.51432225490285,5.04177369274601
"Sterna_trudeaui",1.82341724117157,4.33983315820426
"Stigmatura_budytoides",1.62204658196895,2.05806178179171
"Stigmatura_napensis",2.0856250520297,3.99474924585851
"Streptoprocne_phelpsi",2.41970482158215,3.22562482386933
"Streptoprocne_rutila",0.964961419465502,1.36973997926461
"Streptoprocne_zonaris",0.626508731395436,1.22444276396891
"Strix_occidentalis",2.92693413342137,4.50592463985486
"Strix_rufipes",3.14464138676299,2.05461107005455
"Sturnella_neglecta",2.7854691587784,21.7402304018986
"Sublegatus_arenarum",1.42082059998878,2.49939115789704
"Sublegatus_modestus",1.00203268558717,2.14758975556326
"Sublegatus_obscurior",1.71619317512984,2.46097680139989
"Suiriri_suiriri",1.57101893817002,2.6684008927271
"Sula_nebouxii",1.30897550061254,1.34306426552992
"Synallaxis_albescens",0.476436989878691,1.53888973405016
"Synallaxis_azarae",1.10205452514471,1.48610219706608
"Synallaxis_cabanisi",1.59845789007093,3.54603647271345
"Synallaxis_candei",1.37409253231143,2.79158610393592
"Synallaxis_cinerascens",1.34386254670859,3.23149136338416
"Synallaxis_cinnamomea",1.46336855793634,2.39125055129693
"Synallaxis_erythrothorax",0.911676695861769,3.0945139199351
"Synallaxis_frontalis",0.879229914785581,1.87858106423917
"Synallaxis_ruficapilla",1.12547255507107,3.72553401663861
"Synallaxis_rutilans",1.51079228526441,2.10571346054846
"Synallaxis_scutata",1.02623140388467,2.3464767342681
"Synallaxis_spixi",1.4668539092551,2.41854985044416
"Synallaxis_stictothorax",3.33612411208983,6.59999272100482
"Syndactyla_rufosuperciliata",1.30616091083621,1.66616862221206
"Syrigma_sibilatrix",0.898845061252843,1.67514550627582
"Tachuris_rubrigastra",2.0789578301037,1.56471451264127
"Tachycineta_albilinea",NA,NA
"Tachycineta_albiventer",0.92420225290203,1.71669679036207
"Tachycineta_cyaneoviridis",2.45176343378923,19.4572633453129
"Tachycineta_euchrysea",1.46506155011849,12.4618818352901
"Tachycineta_leucorrhoa",1.07264207083605,2.42963887497758
"Tachycineta_meyeni",3.23379676207774,2.71876414414147
"Tachycineta_stolzmanni",3.63512715539855,9.15135978273348
"Tachyeres_brachypterus",3.97488244646797,61.1358792842433
"Tachyeres_leucocephalus",3.19952578405138,30.9111267333924
"Tachyeres_patachonicus",3.19732108927868,2.66018987564508
"Tachyphonus_coronatus",1.06655490609013,3.461599373884
"Tachyphonus_phoenicius",1.34291717281871,2.28390055987243
"Tachyphonus_rufus",0.625168030976723,1.40755979717213
"Taeniotriccus_andrei",1.83991127051638,3.24898475979818
"Tangara_argyrofenges",1.25866747191636,4.18414596624184
"Tangara_arthus",1.44544616916806,5.78849909199152
"Tangara_callophrys",2.11641882546701,3.54753382707133
"Tangara_cayana",1.66485796399783,2.3322318434963
"Tangara_chilensis",1.39174213309859,1.98300247958104
"Tangara_chrysotis",1.53574057575279,2.73636905084868
"Tangara_cyanicollis",0.959128208607702,1.56602881413942
"Tangara_cyanocephala",1.29270044219595,3.2004335260007
"Tangara_cyanoptera",1.37933435310917,2.87744827380497
"Tangara_cyanotis",1.41508733655868,2.57145616229328
"Tangara_cyanoventris",1.0348461831148,4.08362930084085
"Tangara_desmaresti",1.26579844737327,4.95163841292343
"Tangara_dowii",2.17653508232504,16.3229864441828
"Tangara_fastuosa",NA,NA
"Tangara_florida",2.86912794238312,2.79045178264697
"Tangara_fucosa",2.41261862665726,12.70386733433
"Tangara_guttata",1.78935621230545,2.02391551834815
"Tangara_gyrola",1.4330935225883,1.53841549951028
"Tangara_heinei",1.98873210212956,2.36074709489631
"Tangara_icterocephala",2.51833780169992,1.83276790138555
"Tangara_inornata",NA,NA
"Tangara_johannae",5.20940106944925,3.56524616712939
"Tangara_labradorides",2.20375358748805,2.55091394206622
"Tangara_larvata",1.9421047035854,1.72139701034293
"Tangara_mexicana",1.33967610182272,1.93123257563609
"Tangara_meyerdeschauenseei",0.99172249763888,11.0319427476063
"Tangara_nigrocincta",1.41521712341479,1.92727361770716
"Tangara_nigroviridis",1.49104766124204,1.68729366910754
"Tangara_palmeri",4.13605142279706,2.81906350742032
"Tangara_parzudakii",1.73049522285628,2.22448207826298
"Tangara_preciosa",1.78724727527072,3.40047222439133
"Tangara_punctata",1.88729525175689,2.89839350056564
"Tangara_ruficervix",2.30704576251169,2.19692780810012
"Tangara_rufigula",3.09977943024445,2.91056396247412
"Tangara_schrankii",1.88455328440978,2.42010843994521
"Tangara_seledon",1.21021232171576,2.93410709105111
"Tangara_varia",1.80321794940751,2.40998580795689
"Tangara_vassorii",1.92750828497878,1.80275567280208
"Tangara_velia",1.70266527452719,2.30641452961039
"Tangara_viridicollis",1.54506905980421,3.25971883845452
"Tangara_vitriolina",2.22880178765771,3.03629619703942
"Tangara_xanthocephala",1.52556680006885,1.92059848587119
"Tangara_xanthogastra",1.97900088358207,2.36385282758577
"Taphrolesbia_griseiventris",2.32940710019398,20.794565252309
"Taphrospilus_hypostictus",1.80388921743594,3.36212308150854
"Taraba_major",0.768040741780807,1.37766945675239
"Tarphonomus_certhioides",1.93315253104545,3.52209211847568
"Tarphonomus_harterti",1.61784252053727,3.82963488585332
"Teledromas_fuscus",2.61649039735295,3.99377805479385
"Terenotriccus_erythrurus",2.99056953864977,15.7091783978925
"Teretistris_fernandinae",1.62220946276285,16.6033829032299
"Tersina_viridis",0.804419577994111,1.42721607730541
"Thalurania_furcata",0.781377285666991,1.48943701148747
"Thalurania_glaucopis",1.11935950888307,2.99937315836088
"Thamnistes_anabatinus",1.94240797884158,1.92231593609305
"Thamnomanes_ardesiacus",1.9877743775685,2.79517268779498
"Thamnomanes_caesius",1.37548479437322,1.96688664055364
"Thamnomanes_saturninus",1.19457090398049,3.72097552934293
"Thamnomanes_schistogynus",1.72747615280162,4.15743312043553
"Thamnophilus_aethiops",1.36290793089547,1.98507298970768
"Thamnophilus_amazonicus",1.31273981253162,2.22977621643263
"Thamnophilus_ambiguus",0.801615882555013,4.41941397324343
"Thamnophilus_aroyae",1.15132875174063,5.97193175287516
"Thamnophilus_atrinucha",1.96327755236966,1.57917905905014
"Thamnophilus_bridgesi",1.94310118682189,4.30356584482866
"Thamnophilus_caerulescens",0.916633003078392,1.91250393597204
"Thamnophilus_cryptoleucus",2.46196008274283,5.54582839186151
"Thamnophilus_doliatus",0.716193522846671,1.55422363247778
"Thamnophilus_insignis",2.16722379013962,3.65563546208426
"Thamnophilus_multistriatus",2.22724694733161,2.89448879532626
"Thamnophilus_murinus",1.80446826433599,2.63756500124915
"Thamnophilus_nigriceps",NA,NA
"Thamnophilus_nigrocinereus",2.22991810051635,3.01391685277272
"Thamnophilus_palliatus",0.601340840804899,1.90628930055464
"Thamnophilus_pelzelni",1.10073119502982,2.84938357827351
"Thamnophilus_praecox",2.79557846695054,80.4440331206616
"Thamnophilus_punctatus",1.7698811940381,13.1526980187452
"Thamnophilus_ruficapillus",1.3421057855621,2.28205034174466
"Thamnophilus_schistaceus",1.30700445726923,2.06358400352116
"Thamnophilus_stictocephalus",1.16252104930998,3.1459073977025
"Thamnophilus_sticturus",1.02064959872377,6.78179056644698
"Thamnophilus_tenuepunctatus",2.1234652478205,3.51741031041792
"Thamnophilus_torquatus",0.974896560882726,2.73720394128809
"Thamnophilus_unicolor",1.99133644849471,2.19126915074373
"Thamnophilus_zarumae",2.55989821785952,4.41356806308079
"Thaumastura_cora",2.19136168831231,3.02103827034948
"Theristicus_caerulescens",1.32549261542238,3.22437993609094
"Theristicus_caudatus",0.498872972483652,1.69919077732753
"Theristicus_melanopis",1.96244389900838,2.87738135282793
"Thinocorus_orbignyianus",3.91665688466202,12.9424990226771
"Thinocorus_rumicivorus",2.60727326179985,1.90097334033048
"Thlypopsis_ruficeps",1.51195936237678,2.58993348971219
"Thlypopsis_sordida",0.656838191451264,1.5303905528041
"Threnetes_leucurus",2.06296815430105,91.4204608222128
"Threnetes_ruckeri",2.33423206109119,11.7833215032786
"Thripadectes_flammulatus",2.07530589139031,2.55701517579532
"Thripadectes_ignobilis",3.6817033245693,2.56769686513426
"Thripadectes_rufobrunneus",2.23578633686269,4.9085475301294
"Thripophaga_fusciceps",1.50206384238384,3.63003957046098
"Thryorchilus_browni",2.56600660775181,11.0051336402805
"Thryothorus_ludovicianus",1.67607561587268,7.7270190978254
"Tiaris_olivaceus",0.85976259780449,1.70160312090531
"Tigrisoma_fasciatum",0.899965601740005,1.31071053102156
"Tigrisoma_lineatum",0.695591169758391,1.31835659612608
"Tinamotis_ingoufi",3.56192475187548,8.12098463276427
"Tinamotis_pentlandii",3.39694299026024,3.22946046414211
"Tinamus_major",1.30507354044355,1.5789803585517
"Tityra_cayana",1.74377437798489,2.53500850892496
"Tityra_inquisitor",NA,NA
"Tityra_semifasciata",0.93555842501342,1.44519589559761
"Todirostrum_maculatum",1.61322032883551,2.55288505827262
"Todirostrum_pictum",1.90317449798947,3.36299683956796
"Todus_angustirostris",0.939775700804987,4.50976238952407
"Todus_mexicanus",1.43370310062321,21.4522042974042
"Todus_multicolor",1.45013809888175,7.97442795184015
"Todus_subulatus",0.93992619548411,4.53327003973379
"Todus_todus",1.54547604554322,8.54977716042756
"Tolmomyias_assimilis",1.56589105726677,2.16044137430792
"Tolmomyias_flaviventris",1.06832039877186,1.76571347953855
"Tolmomyias_poliocephalus",1.57813136581681,2.17400300286966
"Tolmomyias_sulphurescens",0.769915659316277,1.38721986008495
"Topaza_pella",1.93507314394321,3.40294547860931
"Touit_batavicus",1.62853679628784,4.50566971929485
"Toxostoma_rufum",1.74968995087234,21.477487165238
"Trichothraupis_melanops",0.866364805924105,2.09059076303951
"Triclaria_malachitacea",1.92341550571006,5.14593881170735
"Troglodytes_aedon",2.18067217516812,17.6641397885346
"Troglodytes_ochraceus",2.18606943109532,4.56145099595971
"Troglodytes_rufociliatus",0.854200082425441,3.01774129924631
"Troglodytes_rufulus",1.80373520875191,3.36397060062017
"Troglodytes_solstitialis",1.17551378912148,1.51770063219871
"Trogon_bairdii",2.10206222138245,5.58475914947688
"Trogon_chionurus",3.08322432144479,1.75523630021462
"Trogon_citreolus",2.39025947602711,4.75269151592878
"Trogon_clathratus",2.48819666212068,6.59167087606406
"Trogon_collaris",1.38784767544141,1.66160328998087
"Trogon_comptus",4.82626730556116,2.98856926914991
"Trogon_curucui",0.74283491499629,1.62343526338392
"Trogon_elegans",0.929759219727457,2.79299433413482
"Trogon_massena",1.58864213289691,1.82945752134893
"Trogon_melanocephalus",NA,NA
"Trogon_melanurus",1.49161328184783,2.10840230962337
"Trogon_mexicanus",1.92518869703257,2.63131694422024
"Trogon_personatus",1.26815105077946,1.2788554464426
"Trogon_rufus",1.32548738423559,1.68580393397931
"Trogon_surrucura",1.07503113018334,3.64853478525124
"Trogon_violaceus",1.40008748171004,1.74986970184002
"Trogon_viridis",1.23797467296204,1.88186190028448
"Turdus_albicollis",1.12765109104843,1.4741953194074
"Turdus_amaurochalinus",0.876803293715375,2.04258349662662
"Turdus_assimilis",1.11652314829068,1.81969799439573
"Turdus_aurantius",1.54547604554322,8.54977716042756
"Turdus_chiguanco",2.52741337979389,2.78159579126182
"Turdus_flavipes",0.672671147987892,1.53743201460411
"Turdus_fulviventris",2.03726767556143,2.72702665298473
"Turdus_fumigatus",NA,NA
"Turdus_fuscater",1.60096397905866,1.49663481325289
"Turdus_haplochrous",1.31515493766634,10.1771644597396
"Turdus_hauxwelli",1.42876956248126,2.43860416034499
"Turdus_infuscatus",1.06722829940778,2.24086110555098
"Turdus_jamaicensis",1.54547604554322,8.54977716042756
"Turdus_lawrencii",1.65547405876676,2.37011740733395
"Turdus_leucomelas",0.562685631816271,1.53858468593396
"Turdus_leucops",1.42559673531928,1.54597748747541
"Turdus_maculirostris",2.64506753336433,3.21262544748156
"Turdus_maranonicus",1.86326544832456,6.51227001436231
"Turdus_nigrescens",NA,NA
"Turdus_nigriceps",1.95149125579043,4.26447426247564
"Turdus_nudigenis",1.70886499847937,2.40165129796567
"Turdus_obsoletus",3.0058435087736,1.99410671170866
"Turdus_olivater",1.60432486541212,2.78990482187103
"Turdus_plebejus",0.829413651885914,2.23733089688726
"Turdus_plumbeus",2.35027426966912,39.4913059284273
"Turdus_reevei",2.59975944194167,5.587773840069
"Turdus_rufitorques",1.25989122232645,3.11498468534183
"Turdus_rufiventris",0.724142449194752,1.97886962652664
"Turdus_rufopalliatus",2.41117817705113,4.03778984513641
"Turdus_serranus",1.21770004811796,1.54569357021729
"Turdus_swalesi",0.997780320584298,24.1074176800972
"Tyranneutes_stolzmanni",1.44760167156886,2.02287830168819
"Tyranneutes_virescens",1.87962903423101,4.31734678807165
"Tyrannopsis_sulphurea",1.46846870507121,2.13377463437571
"Tyrannulus_elatus",1.6105957282982,2.2029986156421
"Tyrannus_couchii",1.00666457496677,2.89808049242066
"Tyrannus_crassirostris",3.47884278597719,13.5996527527061
"Tyrannus_dominicensis",1.07757208174984,2.48763698459691
"Tyrannus_melancholicus",NA,NA
"Tyrannus_savana",1.98075067111564,3.80107061895559
"Tyrannus_vociferans",3.07770467796467,10.7100971440864
"Tyto_glaucops",0.949229666646471,4.4442962907983
"Upucerthia_albigula",3.83456020712152,6.9517027216396
"Upucerthia_dumetaria",1.90575805272174,7.25311713074236
"Upucerthia_validirostris",2.92853120459261,2.29690916629428
"Urochroa_bougueri",2.66616488233163,2.82883029187023
"Uropelia_campestris",1.12831458752836,2.85297447385266
"Uropsalis_lyra",1.193919659432,1.9774234000744
"Uropsalis_segmentata",1.61467718917467,1.99410996133536
"Uropsila_leucogastra",1.03155890686806,2.70285060825627
"Urosticte_benjamini",2.76487608351404,3.21124669010325
"Urosticte_ruficrissa",2.17622344826096,4.26541431565413
"Vanellus_chilensis",0.217747909752413,1.09437745150211
"Vanellus_resplendens",3.01425184444611,2.48919068858196
"Veniliornis_affinis",1.31322202911733,1.9149150711167
"Veniliornis_callonotus",2.36871343997949,3.04827834333335
"Veniliornis_cassini",1.72890547707547,3.40593021263708
"Veniliornis_chocoensis",5.03211088608704,3.77536379178234
"Veniliornis_dignus",2.25681117359443,2.38896904189221
"Veniliornis_frontalis",1.48093031398455,3.96790627802318
"Veniliornis_kirkii",1.63194197835866,1.49131656506151
"Veniliornis_lignarius",1.62285086585243,3.21294294273725
"Veniliornis_mixtus",1.33114046644494,2.1786388498555
"Veniliornis_nigriceps",1.6532463304609,2.0211139613925
"Veniliornis_passerinus",0.843544275575611,1.54559883236926
"Veniliornis_spilogaster",1.27402331422539,3.08994975813191
"Vireo_altiloquus",1.4423821389848,5.65638542609754
"Vireo_bellii",3.2129669152847,20.831618180116
"Vireo_cassinii",2.43054289564576,2.91386072756359
"Vireo_gilvus",1.55099324123257,2.26390209384278
"Vireo_griseus",0.918074007009966,2.69650464039234
"Vireo_huttoni",2.26251479307472,3.25940139809552
"Vireo_latimeri",1.40396801474684,20.3233815386115
"Vireo_leucophrys",1.11796493080718,1.54422006415859
"Vireolanius_leucotis",1.40721364945435,2.17457002575725
"Volatinia_jacarina",0.601676766711674,1.29020950733451
"Vultur_gryphus",NA,NA
"Willisornis_poecilinotus",1.53326399918592,2.0882158024787
"Xanthopsar_flavus",2.05028876302012,5.01687862267985
"Xenerpestes_singularis",2.04547910489183,5.39855018791309
"Xenodacnis_parina",2.64766178570976,8.26040187553334
"Xenoligea_montana",0.937266371713856,14.2242235737102
"Xenopipo_atronitens",1.76224105074769,2.28603228754462
"Xenopipo_uniformis",1.67200105649887,3.4163555603565
"Xenops_minutus",0.915891964570931,3.08138444276682
"Xenopsaris_albinucha",0.937388330813704,1.98678054411044
"Xiphidiopicus_percussus",1.45130463396921,7.96405478848161
"Xiphocolaptes_albicollis",0.892999825574493,2.67667400368905
"Xiphocolaptes_major",1.32789588976133,4.32992926092363
"Xiphocolaptes_promeropirhynchus",1.26587117882166,1.59746575246547
"Xipholena_atropurpurea",1.18322745318267,4.86284255984301
"Xipholena_punicea",1.381480049957,2.23027392916974
"Xiphorhynchus_elegans",1.44375087617982,2.45286249543722
"Xiphorhynchus_erythropygius",0.830679119118287,2.41085758947174
"Xiphorhynchus_fuscus",0.709050363797171,2.60391677749066
"Xiphorhynchus_guttatus",1.57625552288605,2.55956097941412
"Xiphorhynchus_lachrymosus",2.33677456335603,6.18892864419764
"Xiphorhynchus_obsoletus",1.41216654977221,2.05965618237612
"Xiphorhynchus_ocellatus",1.58061226554069,4.15403787358635
"Xiphorhynchus_pardalotus",1.89459257168675,3.3695753059497
"Xiphorhynchus_spixii",1.91231787375446,3.90518219526662
"Xiphorhynchus_susurrans",1.48792744417082,1.83973759663834
"Xiphorhynchus_triangularis",1.54330851848482,2.02878226524142
"Xolmis_cinereus",0.546726320433975,1.76547003418381
"Xolmis_irupero",1.21669050524045,2.1485847695907
"Xolmis_pyrope",4.01663024393637,13.7072176070812
"Xolmis_rubetra",2.97683429208497,7.6150216707122
"Xolmis_velatus",0.832986047024203,2.15392462926784
"Zaratornis_stresemanni",2.55063524466063,8.89593227031883
"Zebrilus_undulatus",1.48323314676409,2.14815647161228
"Zeledonia_coronata",2.26780384604236,5.80131182686714
"Zenaida_auriculata",0.7114676602692,1.04690507726279
"Zenaida_aurita",1.16197896358017,3.58727535440122
"Zenaida_galapagoensis",1.75164134426588,10.5346333132325
"Zenaida_meloda",2.00573683480582,3.15225862017725
"Zimmerius_acer",1.82433890888847,2.94685443387049
"Zimmerius_albigularis",2.74298320711429,2.93194356850581
"Zimmerius_bolivianus",1.30302900604007,3.13956616436592
"Zimmerius_chrysops",2.03414524006415,2.08569150874022
"Zimmerius_gracilipes",1.56314242076609,2.14944628810685
"Zimmerius_vilissimus",1.35129028986328,3.17039672523849
"Zimmerius_viridiflavus",1.56583901988001,2.67561021953766
"Zonotrichia_capensis",0.579227494379056,1.04826812708019
